001492    1
002464    1
002974    2
003334    0
003772    0
006180    1
006240    1
006451    1
006660    1
006700    1
007149    1
007650    1
008181    1
008221    1
008535    0
008589    -1
010147    1
010385    1
010637    1
011035    1
011520    1
011816    1
012375    1
012843    1
013274    1
013334    1
013462    1
013586    1
013615    1
014014    1
014240    1
014654    1
015420    2
015614    2
016061    1
016080    1
016242    1
016716    2
017060    3
017130    3
026038    2
026063    3
026422    2
026730    2
026850    3
027459    3
027612    3
028440    5
029634    6
031561    10
031735    10
031960    11
033345    2
033815    2
035188    6
037545    4
037788    4
037864    4
038353    6
038457    5
038836    5
038880    5
040080    2
040100    2
040103    2
040180    2
040183    2
040270    2
040438    3
040477    3
040582    3
040650    3
040745    3
040754    3
040800    3
040848    3
040948    4
040990    4
041024    3
041030    3
041150    3
041170    3
041194    4
041217    4
041256    4
041404    3
041530    5
041571    5
041780    5
041923    6
042182    5
042299    6
042807    5
043466    5
043555    5
044292    8
044454    5
047058    9
047108    9
047412    9
047662    9
047759    9
047772    9
047807    9
048074    6
048097    6
048455    7
048647    8
048698    8
048820    7
048900    7
048940    7
048991    7
058964    8
059554    8
060135    0
060155    0
060230    0
060390    1
060715    1
061052    1
061291    0
061442    0
061641    0
061832    0
061990    4
062010    2
062315    2
062366    2
062405    2
062721    3
063125    3
063260    3
063450    3
063705    3
063740    3
063894    3
063980    4
064210    1
064387    2
064390    2
064500    1
064650    1
064700    1
064810    1
064950    1
065125    1
065201    1
065344    1
065387    0
065472    0
065503    0
065563    0
065578    0
067001    3
067083    3
067341    2
067665    2
067775    2
068263    2
068361    2
068816    2
071123    -7
071624    -5
071627    -5
071628    -5
071714    -5
071843    -6
071877    -7
071879    -7
071892    -8
072202    -5
072205    -5
072219    -5
072243    -6
072259    -6
072295    -8
072386    -8
072405    -5
072494    -7
072503    -5
072509    -5
072530    -6
072793    -8
076405    -7
076680    -6
078224    -5
078762    -6
078806    -5
078862    -3
078970    -4
080222    -5
080415    -4
083377    -3
083755    -3
083780    -3
G84071    -5
084628    -5
085283    -4
085574    -4
086580    -3
087582    -3
091182    -10
093110    12
093439    12
093780    12
094035    10
094578    10
094610    8
094672    9
094767    10
094866    10
094926    10
096315    8
096741    7
097230    8
097390    9
098425    8
G05001    -5
G05002    -4
G05003    -12
G05004    12
G05005    1
G05006    -4
G05007    -11
G05008    -4
G05009    0
G05010    3
G05011    1
G05012    11
G05013    -10
G05014    11
G05015    -6
G05016    -3
G05017    0
G05018    3
G05019    1
G05020    3
G05021    0
G05022    -11
G05023    -5
G05024    1
G05025    1
G05026    -4
043003    5
