diamond 3 15年12月31日20时0时效2513站降水
2010 1 1 8 -1 0 0 0 0
1 2411
50136	122.52	52.97	0	433
50137	122.37	53.47	0	296
50246	124.72	52.35	0	362
50247	123.57	52.03	0	515
50349	124.4	51.67	0	502
50353	126.63	51.73	0	174
50425	120.18	50.25	0	581
50431	121.52	50.78	0	717
50434	121.68	50.48	0	733
50442	124.12	50.4	0	372
50445	123.73	50.58	0	424
50468	127.45	50.25	0	166
50514	117.32	49.58	0	662
50524	119.43	49.32	0	577
50525	119.75	49.15	0	621
50526	120.7	49.28	0	669
50527	119.7	49.25	0	650
50548	123.72	49.2	0	286
50557	125.23	49.17	0	242
50564	127.35	49.43	0	235
50566	128.47	49.55	0	116
50603	116.82	48.67	0	554
50618	118.27	48.22	0	642
50632	121.92	48.77	0	740
50639	122.73	48	0	307
50645	124.48	48.48	0	195
50646	124.85	48.48	0	203
50647	123.48	48.13	0	236
50655	126.18	48.5	0	267
50656	126.5	48.27	0	277
50658	125.88	48.05	0	236
50659	126.25	48.03	0	292
50673	130.4	48.88	0	90
50674	129.43	48.57	0	405
50727	119.93	47.17	0	997
50739	123.18	47.33	0	190
50741	123.5	47.93	0	185
50742	124.48	47.8	0	163
50745	123.92	47.38	0	147
50749	124.83	47.18	0	155
50750	125.3	47.9	0	226
50755	126.1	47.6	0	231
50756	126.97	47.45	0	239
50758	125.9	47.18	0	246
50767	127.1	47.23	0	203
50772	129.23	48.1	0	288
50774	128.83	47.7	0	265
50775	130.27	47.33	0	228
50776	130.83	47.57	0	83
50778	132.53	47.67	0	58
50779	134.28	48.37	0	40
50787	131.85	47.28	0	62
50788	131.98	47.23	0	66
50832	122.08	46.72	0	333
50833	122.9	46.72	0	188
50834	121.22	46.6	0	500
50838	122.05	46.08	0	275
50842	124.42	46.83	0	145
50844	123.45	46.4	0	139
50850	125.13	46.57	0	147
50851	126.08	46.68	0	207
50852	126.45	46.83	0	169
50853	126.97	46.62	0	180
50854	125.32	46.38	0	149
50858	125.93	46.07	0	135
50859	126.27	46.25	0	159
50861	127.48	46.88	0	185
50862	127.98	46.98	0	206
50867	127.35	46.08	0	134
50871	129.88	46.73	0	95
50873	130.3	46.78	0	82
50877	129.58	46.3	0	100
50878	130.72	47	0	78
50879	130.55	46.22	0	187
50880	131.12	46.73	0	102
50884	131.15	46.63	0	175
50888	132.18	46.32	0	83
50892	134	46.8	0	54
50913	118.83	45.72	0	865
50915	116.97	45.52	0	839
50924	119.67	45.53	0	824
50928	120.33	45.07	0	628
50934	121.58	45.38	0	312
50936	122.83	45.63	0	155
50937	121.47	45.05	0	250
50939	122.82	45.33	0	151
50940	123.17	45.85	0	141
50945	124.27	45.5	0	138
50946	124.83	45.18	0	140
50948	124.02	45	0	146
50949	124.87	45.08	0	136
50950	125.25	45.7	0	149
50953	126.57	45.93	0	118
50954	125.08	45.5	0	128
50955	126.3	45.38	0	166
50956	126.77	46.08	0	135
50958	126.95	45.52	0	174
50960	127.45	45.78	0	192
50962	128.03	45.95	0	112
50963	128.73	45.97	0	109
50964	128.8	45.83	0	119
50965	128.28	45.45	0	155
50968	127.97	45.22	0	190
50971	131.02	45.77	0	224
50973	130.6	45.75	0	234
50978	130.92	45.3	0	273
50979	130.23	45.27	0	275
50983	132.97	45.77	0	100
50985	131.87	45.55	0	152
50987	131.1	45.27	0	220
51053	86.4	48.05	0	533
51058	87.97	47.1	0	563
51059	85.87	47.43	0	984
51060	86.87	47.7	0	474
51068	87.47	47.12	0	501
51076	88.08	47.73	0	735
51087	89.52	46.98	0	808
51133	83	46.73	0	535
51137	82.93	46.2	0	715
51145	83.65	46.55	0	522
51156	85.72	46.78	0	1292
51186	90.38	46.67	0	1218
51232	82.57	45.18	0	336
51238	82.07	44.9	0	532
51241	83.6	45.93	0	1078
51243	84.85	45.62	0	450
51288	90.53	45.37	0	1654
51328	80.42	44.2	0	771
51329	80.85	44.05	0	640
51330	81.02	44.97	0	1358
51334	82.9	44.6	0	319
51346	84.67	44.43	0	479
51352	85.25	44.85	0	337
51353	86.1	45.02	0	346
51356	86.05	44.32	0	443
51357	85.62	44.33	0	522
51358	85.82	44.28	0	469
51359	86.2	44.32	0	471
51365	87.53	44.2	0	441
51367	86.82	44.13	0	522
51368	87.32	44.12	0	516
51369	87.65	43.97	0	600
51377	87.92	44.17	0	547
51378	89.17	44.02	0	735
51379	89.57	44.02	0	794
51430	81.15	43.83	0	603
51431	81.33	43.95	0	663
51433	82.52	43.8	0	1105
51434	81.53	43.97	0	770
51435	82.23	43.47	0	775
51436	83.3	43.45	0	928
51437	81.13	43.15	0	1851
51438	81.77	43.18	0	1210
51463	87.65	43.78	0	935
51465	87.1	43.48	0	1872
51467	86.33	42.77	0	1732
51468	86.83	43.1	0	3539
51469	87.18	43.45	0	1930
51470	88.12	43.88	0	1943
51477	88.32	43.35	0	1104
51482	90.28	43.83	0	1272
51495	91.73	43.22	0	721
51526	88.22	42.23	0	922
51542	84.15	43.03	0	2458
51559	86.4	42.32	0	1101
51567	86.57	42.08	0	1055
51568	86.8	42.25	0	1085
51571	88.63	42.8	0	1
51572	89.25	42.83	0	-49
51573	89.2	42.93	0	35
51581	90.23	42.85	0	399
51627	79.23	41.22	0	1396
51628	80.23	41.17	0	1104
51629	80.23	41.27	0	1133
51633	81.9	41.78	0	1229
51636	82.65	41.55	0	1010
51639	82.78	41.23	0	980
51642	84.27	41.82	0	982
51644	82.97	41.72	0	1082
51655	86.27	41.35	0	885
51656	86.13	41.75	0	932
51701	75.4	40.52	0	3504
51704	76.17	39.72	0	1299
51705	75.25	39.72	0	2176
51707	76.73	39.5	0	1209
51708	75.95	39.15	0	1325
51709	75.98	39.47	0	1289
51711	78.45	40.93	0	1985
51716	78.57	39.8	0	1117
51717	76.78	39.25	0	1206
51720	79.05	40.5	0	1162
51722	80.4	40.65	0	1044
51730	81.27	40.55	0	1012
51747	83.67	39	0	1099
51765	87.7	40.63	0	846
51777	88.17	39.03	0	888
51802	76.17	38.93	0	1298
51804	75.23	37.77	0	3090
51810	77.63	38.92	0	1178
51811	77.27	38.43	0	1231
51814	77.4	37.92	0	1360
51815	77.27	38.2	0	1275
51818	78.28	37.62	0	1375
51826	80.8	37.02	0	1337
51827	79.72	37.28	0	1326
51828	79.93	37.13	0	1375
51829	80.17	37.08	0	1348
51839	82.72	37.07	0	1410
51855	85.55	38.15	0	1247
51886	90.85	38.25	0	2945
51931	81.65	36.85	0	1422
52101	93.05	43.6	0	1677
52112	95.13	43.77	0	479
52118	94.7	43.27	0	1729
52203	93.52	42.82	0	737
52267	101.07	41.95	0	941
52313	94.67	41.53	0	1574
52323	97.03	41.8	0	1770
52418	94.68	40.15	0	1139
52424	95.78	40.53	0	1171
52436	97.03	40.27	0	1526
52446	99.52	40.3	0	1177
52447	98.88	40	0	1271
52495	104.8	40.17	0	1324
52515	94.87	39.52	0	2137
52533	98.48	39.77	0	1477
52546	99.83	39.37	0	1332
52557	100.17	39.15	0	1454
52575	102.78	39.42	0	1240
52576	101.68	39.22	0	1510
52602	93.33	38.75	0	2770
52607	106.65	39.43	0	1253
52633	98.42	38.82	0	3367
52643	99.62	38.83	0	2312
52645	99.58	38.42	0	3320
52652	100.28	39.08	0	1461
52656	100.82	38.43	0	2281
52657	100.25	38.18	0	2787
52661	101.08	38.8	0	1766
52674	101.97	38.23	0	1977
52679	102.67	37.92	0	1532
52681	103.08	38.63	0	1368
52707	93.68	36.8	0	2767
52713	95.35	37.85	0	3173
52737	97.38	37.37	0	2982
52745	99.02	37.3	0	3417
52754	100.13	37.33	0	3302
52765	101.62	37.38	0	2850
52784	102.9	37.47	0	2072
52787	102.87	37.2	0	3045
52797	104.05	37.18	0	1631
52818	94.92	36.42	0	2808
52825	96.43	36.43	0	2790
52833	98.48	36.93	0	2950
52836	98.1	36.3	0	3189
52842	99.08	36.78	0	3088
52853	100.98	36.9	0	3010
52855	101.25	36.68	0	2675
52856	100.62	36.27	0	2835
52862	101.68	36.95	0	2450
52863	101.95	36.82	0	2480
52866	101.75	36.73	0	2295
52868	101.43	36.03	0	2237
52869	101.58	36.5	0	2668
52874	102.4	36.48	0	1981
52875	102.1	36.5	0	2125
52876	102.83	36.33	0	1814
52877	102.25	36.1	0	2835
52881	103.18	36.98	0	2485
52884	103.95	36.35	0	1669
52885	103.25	36.75	0	2119
52889	103.88	36.05	0	1517
52895	104.68	36.57	0	1398
52896	104.15	36.55	0	1739
52908	93.08	35.22	0	4612
52943	99.98	35.58	0	3323
52955	100.73	35.58	0	3120
52957	100.6	35.25	0	3148
52963	102.02	35.93	0	2086
52968	101.47	35.03	0	3663
52972	102.45	35.85	0	1921
52974	102.02	35.52	0	2491
52978	102.52	35.2	0	2929
52980	103.3	35.97	0	1648
52981	103.38	35.68	0	2421
52982	103.55	35.48	0	1953
52983	104.15	35.87	0	1874
52984	103.18	35.58	0	1917
52985	103.33	35.42	0	2163
52986	103.87	35.37	0	1894
52988	103.72	35.37	0	2016
52993	105.07	35.68	0	1739
52995	104.62	35.58	0	1897
52996	105.02	35.38	0	2451
52998	104.2	35.13	0	2111
53068	111.93	43.63	0	963
53083	114.15	44.62	0	1182
53149	110.13	42.53	0	1225
53192	114.95	44.02	0	1126
53195	113.63	43.85	0	1037
53272	112.63	42.75	0	1105
53276	112.9	42.4	0	1151
53289	113.83	42.23	0	1322
53324	107.05	41.07	0	1035
53336	108.52	41.57	0	1288
53337	108.27	41.1	0	1024
53343	109.97	41.77	0	1612
53348	109.13	41.02	0	1079
53352	110.43	41.7	0	1377
53357	110.05	41.03	0	1360
53362	111.68	41.53	0	1490
53367	111.23	41.32	0	1602
53368	111.47	41.08	0	1637
53378	112.62	41.28	0	1737
53384	113.18	41.45	0	1424
53385	113.55	41.57	0	1385
53391	114	41.9	0	1483
53392	114.6	41.85	0	1422
53397	113.98	41.1	0	1377
53399	114.7	41.15	0	1393
53419	107	40.33	0	1055
53420	107.12	40.85	0	1024
53433	108.65	40.73	0	1020
53446	109.88	40.53	0	1005
53455	110.53	40.55	0	999
53457	110.03	40.4	0	1011
53463	111.57	40.85	0	1154
53464	111.17	40.72	0	1043
53466	111.7	40.75	0	1045
53467	111.18	40.27	0	1016
53469	111.82	40.4	0	1167
53472	112.57	40.87	0	1452
53475	112.47	40.52	0	1269
53478	112.45	40	0	1346
53480	113.07	41.03	0	1419
53481	113.22	40.8	0	1317
53483	113.83	40.87	0	1269
53484	113.15	40.45	0	1192
53486	113.77	40.37	0	1050
53487	113.42	40.08	0	1053
53488	113.58	40.03	0	1034
53490	114.05	40.43	0	1015
53491	114.38	40.67	0	838
53492	114.15	40.1	0	938
53498	115.03	40.57	0	629
53499	114.73	40.77	0	755
53502	105.75	39.78	0	1032
53505	105.4	37.88	0	1381
53512	106.8	39.8	0	1106
53513	107.37	40.73	0	1041
53517	106.33	39.27	0	1465
53518	106.35	39.03	0	1118
53519	106.77	39.22	0	1093
53522	107.83	40.05	0	1180
53529	107.97	39.08	0	1381
53533	108.73	39.85	0	1390
53543	109.98	39.83	0	1462
53545	109.72	39.57	0	1367
53547	109.03	39.1	0	1312
53553	111.22	39.87	0	1221
53562	111.67	39.92	0	1187
53564	111.15	39.38	0	862
53565	111.5	39.43	0	1052
53567	111.08	39.03	0	981
53573	112.7	40	0	1336
53574	112.27	39.52	0	1409
53575	112.2	39.1	0	1525
53576	112.82	39.5	0	1045
53577	112.3	39	0	1437
53578	112.43	39.37	0	1115
53579	112.9	39.02	0	860
53580	113.1	39.82	0	1045
53582	113.67	39.72	0	1079
53584	113.17	39.57	0	1001
53585	113.27	39.17	0	934
53588	113.52	38.95	0	2208
53590	114.27	39.75	0	978
53593	114.57	39.83	0	910
53594	114.18	39.45	0	939
53596	115.13	38.85	0	52
53599	114.68	39.37	0	884
53602	105.67	38.83	0	1561
53603	106.37	38.83	0	1095
53610	106.35	38.57	0	1106
53611	106.55	38.88	0	1099
53612	106.18	37.98	0	1129
53614	106.2	38.47	0	1111
53615	106.7	38.8	0	1102
53617	106.08	38.03	0	1118
53618	106.25	38.28	0	1114
53619	106.3	38.12	0	1116
53644	108.83	38.6	0	1307
53646	109.78	38.27	0	1157
53651	110.47	38.82	0	1098
53658	110.48	38.03	0	894
53659	111	37.97	0	1163
53660	111.08	39.02	0	894
53662	111.58	38.72	0	1397
53663	111.82	38.92	0	1401
53664	111.13	38.47	0	1013
53665	111.65	38.28	0	1185
53666	111.93	38.35	0	1212
53669	111.8	38.08	0	1150
53673	112.72	38.73	0	828
53674	112.7	38.4	0	870
53676	112.98	38.5	0	759
53677	112.48	37.93	0	807
53678	112.65	38.07	0	897
53679	112.55	37.73	0	775
53680	114.38	38.3	0	109
53681	113.37	38.83	0	1096
53682	114.68	38.63	0	104
53685	113.42	38.07	0	953
53687	113.63	37.78	0	753
53688	114.55	38.42	0	100
53689	115.07	38.02	0	42
53690	114.18	38.85	0	282
53691	114.57	38.15	0	71
53692	114.98	38.73	0	67
53693	114.13	38.03	0	256
53694	114.22	38.27	0	131
53695	114.68	38.35	0	71
53696	115	38.52	0	55
53697	114.83	38.03	0	54
53698	114.35	38.07	0	104
53699	114.95	38.18	0	45
53704	105.18	37.53	0	1226
53705	105.68	37.48	0	1183
53707	105.25	36.93	0	1698
53723	107.38	37.8	0	1349
53725	107.58	37.58	0	1360
53727	107.12	37.17	0	1713
53730	107.48	38.18	0	1333
53732	108.72	37.85	0	1210
53735	108.8	37.62	0	1337
53738	108.17	36.92	0	1331
53740	109.23	37.93	0	1111
53748	109.7	37.18	0	1063
53750	110.18	37.77	0	931
53751	110.05	37.6	0	895
53753	110.88	37.43	0	860
53754	110.22	37.5	0	930
53756	110.72	37.52	0	744
53757	110.12	37.12	0	938
53759	110.83	36.98	0	1109
53760	111.23	37.88	0	1212
53763	112.17	37.92	0	1007
53764	111.1	37.5	0	951
53767	111.17	37.33	0	1213
53768	111.75	37.15	0	773
53769	111.78	37.25	0	748
53770	112.35	37.35	0	769
53771	112.05	37.42	0	750
53772	112.58	37.62	0	776
53773	114.62	36.33	0	65
53774	112.33	37.62	0	774
53775	112.53	37.43	0	782
53776	112.77	37.68	0	831
53777	112.15	37.53	0	759
53778	112.22	37.17	0	780
53780	113.15	37.9	0	1066
53781	114.47	36.87	0	68
53782	113.62	37.93	0	767
53783	113.7	37.6	0	876
53784	114.78	37.75	0	39
53785	114.67	37.52	0	35
53786	113.37	37.08	0	1135
53787	112.98	37.07	0	1041
53788	113.57	37.33	0	1266
53789	114.63	37.88	0	53
53790	114.62	37.6	0	49
53791	114.52	37.77	0	66
53792	114.48	37.45	0	113
53794	114.75	37.35	0	33
53795	114.37	37.65	0	137
53796	114.88	37.62	0	31
53797	114.52	37.28	0	74
53798	114.5	37.07	0	77
53799	114.98	37.23	0	26
53806	105.65	36.57	0	1854
53810	105.9	36.97	0	1339
53817	106.27	36	0	1753
53821	107.3	36.57	0	1256
53829	107.9	35.98	0	1094
53832	108.77	36.77	0	1219
53841	109.32	36.88	0	1068
53845	109.45	36.58	0	1181
53848	109.35	36.27	0	1006
53850	110.18	36.88	0	805
53852	110.63	36.77	0	917
53853	110.95	36.7	0	1053
53854	110.07	36.58	0	805
53856	110.75	36.47	0	766
53857	110.18	36.07	0	840
53859	110.67	36.1	0	851
53860	111.17	36.98	0	1407
53861	111.38	35.88	0	464
53862	111.8	36.85	0	812
53863	111.92	37.03	0	744
53864	111.1	36.4	0	1031
53865	111.55	36.65	0	1012
53866	111.67	36.23	0	463
53868	111.5	36.07	0	450
53869	111.7	36.58	0	550
53871	112.85	36.83	0	964
53872	112.68	36.77	0	961
53873	112.87	36.1	0	951
53874	111.9	36.25	0	649
53875	112.35	36.52	0	1000
53877	112.25	36.17	0	860
53878	113.38	36.52	0	768
53879	112.88	36.32	0	952
53880	113.23	36.33	0	948
53881	106.48	37.28	0	1382
53882	113.07	36.05	0	992
53883	114.7	37.13	0	37
53884	113.03	36.52	0	878
53885	113.2	36.12	0	1122
53886	113.67	36.57	0	470
53888	113.43	36.2	0	1089
53889	113.82	36.07	0	307
53890	114.1	36.67	0	280
53891	114.68	37.02	0	43
53892	114.47	36.62	0	67
53893	114.95	36.77	0	40
53894	114.2	36.4	0	149
53895	114.5	36.78	0	61
53896	114.95	36.35	0	50
53897	114.38	36.38	0	70
53898	114.4	36.05	0	63
53899	114.97	36.48	0	49
53903	105.72	35.97	0	1917
53906	105.72	35.52	0	1656
53908	105.23	35.22	0	1768
53910	106.2	35.67	0	2841
53914	106.12	35.62	0	2079
53915	106.67	35.55	0	1347
53916	106.32	35.5	0	1949
53917	106.07	35.22	0	1631
53923	107.63	35.73	0	1421
53924	107.62	35.07	0	967
53925	107.18	35.68	0	1173
53926	107.35	35.35	0	1029
53927	106.62	35.2	0	1478
53928	107.02	35.3	0	1149
53929	107.8	35.2	0	1207
53930	107.98	36.45	0	1271
53931	109.37	36	0	984
53934	107.98	35.78	0	1274
53935	108.4	35.48	0	1482
53937	107.92	35.52	0	979
53938	108.3	35.17	0	1277
53941	109.58	35.18	0	804
53942	109.42	35.77	0	1156
53944	109.25	35.57	0	863
53945	109.07	35.43	0	1395
53946	109.82	35.6	0	1091
53947	109.07	35.08	0	979
53948	109.58	34.95	0	499
53949	109.92	35.18	0	679
53950	110.15	35.23	0	709
53953	110.85	35.97	0	965
53954	110.97	35.62	0	434
53955	110.45	35.47	0	458
53956	110.83	35.4	0	588
53957	110.72	35.62	0	459
53958	110.78	35.13	0	388
53959	111.05	35.05	0	365
53961	111.48	35.65	0	473
53962	111.7	35.73	0	585
53963	111.37	35.65	0	434
53964	111.22	35.62	0	431
53965	111.57	35.52	0	761
53966	111.83	35.98	0	817
53967	111.2	35.33	0	468
53968	111.67	35.28	0	505
53970	112.2	35.7	0	887
53972	112.92	35.12	0	120
53973	112.95	35.77	0	837
53974	114.18	35.62	0	72
53975	112.4	35.48	0	660
53976	112.87	35.5	0	753
53978	112.63	35.08	0	140
53979	113.08	35.15	0	120
53980	114.8	36.55	0	50
53981	113.27	35.78	0	1312
53982	113.27	35.23	0	112
53983	114.42	35.03	0	70
53984	113.47	35.23	0	83
53985	113.82	35.5	0	141
53986	113.88	35.32	0	73
53987	113.42	35.1	0	91
53988	113.67	35.27	0	78
53989	113.95	35.05	0	77
53991	114.33	35.92	0	93
53992	114.52	35.65	0	58
53993	114.92	35.93	0	52
53994	114.07	35.38	0	70
53995	114.5	35.55	0	63
53996	114.65	36.45	0	58
53997	114.18	35.15	0	71
53998	114.65	35.2	0	62
54012	117.6	44.58	0	1002
54024	119.3	44.45	0	710
54026	120.9	44.57	0	265
54027	119.4	43.98	0	486
54031	121.82	44.9	0	198
54039	122.02	44.03	0	182
54041	123.07	44.8	0	150
54047	123.28	44.13	0	146
54049	123.97	44.25	0	189
54063	126	44.97	0	197
54064	125.15	44.38	0	170
54065	125.65	44.53	0	169
54069	125.8	44.17	0	175
54072	126.52	44.85	0	197
54076	126.93	44.38	0	268
54080	127.15	44.9	0	195
54092	129.4	44.6	0	292
54093	130.55	44.93	0	266
54094	129.6	44.57	0	241
54096	131.17	44.38	0	568
54098	129.47	44.33	0	268
54099	131.13	44.08	0	149
54102	116.12	43.95	0	1003
54113	118.65	43.53	0	621
54115	118.03	43.63	0	825
54117	117.53	43.25	0	1003
54122	120.05	43.88	0	375
54132	121.07	42.4	0	400
54134	121.28	43.6	0	241
54135	122.27	43.6	0	179
54142	123.53	43.5	0	115
54154	124.3	43.35	0	160
54155	124.23	43.67	0	144
54156	124.8	43.52	0	200
54157	124.33	43.17	0	166
54161	125.22	43.9	0	237
54164	125.28	43.35	0	248
54165	125.63	43.55	0	220
54169	126.02	43.3	0	272
54171	126.52	43.7	0	230
54172	126.53	43.87	0	290
54181	127.33	43.7	0	295
54186	128.2	43.37	0	525
54187	128.92	43.12	0	367
54192	130.27	43.7	0	385
54195	129.78	43.3	0	245
54204	115	42.3	0	1346
54205	116	42.23	0	1316
54208	116.47	42.18	0	1245
54213	119.02	42.93	0	634
54214	118.42	42.58	0	960
54218	118.83	42.3	0	669
54223	120.65	42.85	0	363
54225	119.92	42.28	0	588
54226	120.7	42.33	0	401
54231	122.35	42.97	0	248
54234	121.75	42.73	0	298
54236	122.55	42.38	0	79
54237	121.75	42.07	0	168
54243	124.12	42.78	0	165
54244	123.33	42.75	0	119
54245	123.4	42.5	0	98
54248	123.53	42.03	0	62
54249	123.87	42.3	0	85
54252	124.75	42.73	0	196
54254	124.05	42.53	0	98
54259	124.92	42.1	0	237
54260	125.08	42.92	0	253
54261	125.47	42.67	0	345
54263	126.05	42.97	0	337
54266	125.63	42.53	0	341
54267	125.73	42.25	0	362
54273	126.75	42.98	0	263
54274	125.98	42.68	0	307
54276	126.8	42.4	0	570
54279	126.58	42.05	0	544
54284	127.5	42.15	0	774
54285	128.12	42.42	0	721
54286	129	42.53	0	476
54290	129.4	42.77	0	241
54291	130.28	42.9	0	37
54292	129.5	42.87	0	257
54293	129.83	42.95	0	143
54301	115.67	41.67	0	1412
54304	115.27	40.95	0	1240
54305	115.27	41.88	0	1469
54308	116.63	41.2	0	735
54311	117.77	41.97	0	893
54313	118.7	41.93	0	734
54316	118.75	41.52	0	679
54318	117.73	41.32	0	562
54319	118.67	41	0	502
54320	119.3	41.6	0	544
54321	119.63	41.87	0	662
54323	120.78	41.82	0	254
54324	120.43	41.55	0	174
54325	120.35	41.18	0	184
54326	119.7	41.38	0	422
54327	119.35	41.23	0	417
54328	119.72	41.08	0	297
54330	121.33	41.13	0	45
54331	121.77	41.58	0	77
54332	122.72	41.52	0	12
54333	122.85	41.97	0	31
54334	121.25	41.52	0	74
54335	122.08	41.68	0	38
54336	122.42	41.42	0	8
54337	121.12	41.13	0	66
54338	121.95	41.28	0	3
54339	123	41.08	0	77
54340	123.32	41.67	0	36
54342	123.52	41.73	0	49
54345	123.07	41.2	0	31
54346	123.78	41.32	0	185
54347	123.17	41.23	0	25
54348	123.33	41.42	0	37
54349	124.13	41.3	0	259
54351	124.08	41.92	0	119
54353	125.05	41.73	0	328
54362	125.73	41.67	0	380
54363	125.9	41.68	0	403
54365	125.35	41.28	0	246
54371	126.43	41.93	0	521
54374	126.88	41.8	0	380
54377	126.22	41.15	0	225
54386	128.18	41.42	0	775
54398	116.62	40.13	0	29
54399	116.28	39.98	0	46
54401	114.92	40.77	0	773
54404	115.83	40.88	0	868
54405	115.5	40.42	0	571
54406	115.97	40.45	0	488
54408	115.22	40.38	0	530
54410	116.13	40.6	0	1225
54412	116.63	40.73	0	332
54416	116.87	40.38	0	72
54419	116.63	40.37	0	76
54420	117.33	40.93	0	529
54421	117.12	40.65	0	293
54423	117.92	40.97	0	422
54424	117.12	40.17	0	32
54425	117.47	40.4	0	633
54428	117.4	40.03	0	16
54429	117.95	40.2	0	55
54430	118.15	40.77	0	269
54431	116.63	39.92	0	43
54432	118.48	40.6	0	305
54433	116.5	39.95	0	35
54434	118.33	40.17	0	132
54436	118.95	40.42	0	254
54437	118.65	39.5	0	18
54438	118.88	39.88	0	65
54439	118.72	40.02	0	51
54449	119.52	39.85	0	2
54452	119.82	40.8	0	366
54453	120.88	40.78	0	39
54454	120.3	40.33	0	29
54455	120.65	40.62	0	21
54470	122.07	41.02	0	6
54471	122.17	40.65	0	4
54472	122.72	40.88	0	25
54474	122.35	40.42	0	25
54475	122.48	40.62	0	12
54476	122.15	40.17	0	20
54483	123.9	40.88	0	234
54486	123.28	40.28	0	80
54493	124.78	40.72	0	260
54494	124.07	40.47	0	73
54497	124.33	40.05	0	14
54499	116.22	40.22	0	76
54501	115.68	39.97	0	440
54502	116.03	39.48	0	29
54503	115.82	39.07	0	13
54505	116.12	39.92	0	93
54506	115.95	39.32	0	25
54507	115.52	39.33	0	49
54510	116.98	39.9	0	17
54511	116.47	39.8	0	31
54512	116.28	39.42	0	21
54513	116.2	39.95	0	66
54514	116.25	39.87	0	55
54515	116.7	39.5	0	14
54517	117.2	39.07	0	2
54518	116.4	39.17	0	9
54519	116.48	39.3	0	12
54520	117.08	39.97	0	18
54521	116.98	39.77	0	13
54522	117.73	39.88	0	14
54523	117.02	39.38	0	5
54525	117.28	39.73	0	5
54526	117.33	39.08	0	2
54527	117.05	39.08	0	4
54528	117.13	39.23	0	3
54529	117.82	39.35	0	4
54530	117.77	39.23	0	1
54531	118.72	39.73	0	43
54532	118.1	39.8	0	33
54533	118.1	39.58	0	9
54534	118.1	39.65	0	23
54535	118.47	39.28	0	3
54539	118.88	39.43	0	11
54540	119.2	39.73	0	18
54541	119.23	39.9	0	24
54563	122.02	39.63	0	119
54568	121.7	39.08	0	43
54569	121.95	39.42	0	12
54575	122.37	39.42	0	43
54579	122.58	39.27	0	36
54584	122.95	39.72	0	35
54590	124.17	39.88	0	4
54594	116.35	39.72	0	38
54596	116.13	39.68	0	39
54597	115.73	39.73	0	408
54601	115.65	38.98	0	13
54602	115.48	38.73	0	17
54603	115.77	38.72	0	10
54604	115.33	38.42	0	30
54605	115.93	38.93	0	4
54606	115.73	38.23	0	19
54607	115.12	38.72	0	45
54608	115.55	38	0	26
54609	115.5	38.25	0	26
54610	116.1	38.73	0	8
54611	115.32	38.93	0	45
54612	116.45	38.87	0	6
54613	116.62	38.7	0	7
54614	116.05	38.42	0	11
54615	116.85	38.58	0	8
54616	116.85	38.35	0	8
54617	116.12	38.18	0	13
54618	116.55	38.08	0	13
54619	116.92	38.92	0	6
54620	115.57	38.48	0	19
54621	115.18	38.18	0	38
54622	117.37	38.98	0	4
54623	117.72	39.05	0	5
54624	117.32	38.4	0	5
54626	115.82	38.42	0	14
54627	117.23	38.03	0	8
54628	117.48	38.15	0	6
54631	115.15	37.07	0	32
54632	115.03	37.07	0	34
54633	115.23	37.52	0	26
54636	116.1	39.02	0	11
54640	114.87	36.92	0	36
54644	117.12	38.05	0	11
54645	117.47	38.85	0	2
54660	121.23	38.82	0	67
54662	121.63	38.9	0	92
54700	115.93	38.03	0	16
54701	115.2	37.93	0	36
54702	115.7	37.73	0	21
54703	115.88	37.8	0	21
54704	115.57	37.52	0	25
54705	115.38	37.37	0	27
54706	115.67	37.08	0	32
54707	115.98	37.35	0	27
54708	115.73	37.5	0	24
54709	116.07	37.22	0	26
54710	116.17	37.87	0	19
54711	116.28	37.7	0	18
54712	116.82	37.2	0	19
54713	116.53	37.88	0	14
54714	116.33	37.45	0	24
54715	116.57	37.32	0	19
54716	116.8	37.67	0	16
54717	116.4	37.63	0	17
54718	116.43	37.15	0	22
54719	116.68	38.03	0	11
54722	117.63	37.75	0	7
54723	117.57	37.65	0	10
54724	117.13	37.32	0	15
54725	117.53	37.5	0	12
54726	117.18	37.7	0	12
54727	117.55	36.68	0	122
54728	117.38	37.77	0	8
54729	117.87	37.17	0	12
54730	118.13	37.7	0	6
54731	118.22	37.48	0	12
54732	118.52	37.87	0	6
54734	118	37.35	0	12
54736	118.67	37.43	0	6
54737	118.15	37.15	0	9
54738	118.4	37.05	0	15
54744	118.55	37.58	0	9
54749	119.95	37.18	0	48
54751	120.73	37.93	0	40
54752	120.77	37.8	0	61
54753	120.33	37.63	0	5
54755	120.38	37.37	0	112
54759	120.85	37.32	0	206
54764	121.23	37.48	0	54
54765	121.43	37.48	0	82
54766	121.62	37.38	0	11
54774	122.13	37.47	0	65
54776	122.7	37.4	0	48
54777	122.07	37.2	0	118
54778	122.48	37.17	0	62
54800	115.25	37	0	33
54801	115.48	36.85	0	35
54802	115.73	36.82	0	34
54803	116.02	36.98	0	28
54804	115.13	36.3	0	45
54805	115.47	36.45	0	39
54806	115.97	36.42	0	33
54807	115.8	36.13	0	41
54808	115.63	36.23	0	38
54809	115.28	36.55	0	41
54810	116.27	36.87	0	27
54811	116.62	36.93	0	21
54812	116.75	36.78	0	23
54814	116.25	36.53	0	30
54815	116.27	36.38	0	31
54816	116.8	36.52	0	99
54817	115.87	35.98	0	42
54818	116.42	36.25	0	80
54819	116.8	36.18	0	114
54820	115.17	36.82	0	37
54821	117.2	37	0	20
54822	117.73	36.87	0	47
54823	117	36.6	0	170
54824	117.95	36.63	0	95
54825	117.85	36.52	0	190
54826	117.1	36.25	0	1534
54827	117.15	36.17	0	129
54828	117.68	36.23	0	229
54829	117.87	36.77	0	86
54830	117.93	36.82	0	34
54831	118.5	36.65	0	103
54832	118.73	36.88	0	26
54833	118.08	36.97	0	15
54834	118.28	36.87	0	46
54835	118.55	36.5	0	107
54836	118.17	36.18	0	305
54837	118.83	36.68	0	79
54841	119.42	36.87	0	24
54842	120	36.78	0	62
54843	119.2	36.75	0	22
54844	119.18	36.42	0	63
54846	119.73	36.38	0	52
54848	119.42	35.98	0	83
54849	120.03	36.22	0	84
54851	120.57	36.9	0	77
54852	120.73	36.97	0	54
54853	120.42	36.17	0	43
54855	120.47	36.38	0	26
54857	120.33	36.07	0	76
54861	121.53	36.93	0	45
54863	121.18	36.78	0	41
54871	122.48	36.93	0	10
54900	115.02	35.7	0	54
54901	115.17	36.08	0	48
54902	115.12	35.9	0	50
54903	115.48	35.85	0	46
54904	115.52	35.58	0	50
54905	115.93	35.58	0	46
54906	115.42	35.25	0	50
54907	116.65	34.98	0	34
54908	115.1	35.27	0	57
54909	115.52	35.08	0	52
54910	116.05	35.82	0	41
54911	116.4	35.93	0	44
54912	116.5	35.77	0	42
54913	116.82	35.75	0	62
54914	116.08	35.42	0	41
54915	116.6	35.43	0	33
54916	116.85	35.57	0	52
54917	116.32	35.1	0	37
54918	116.97	35.6	0	62
54919	116.98	35.38	0	89
54920	117.28	35.65	0	110
54921	116.33	35.42	0	38
54922	117.78	35.88	0	224
54923	117.93	35.72	0	202
54925	117.63	35.52	0	167
54927	117.2	35.1	0	75
54929	117.97	35.27	0	121
54932	118.65	35.77	0	187
54935	118.43	35.53	0	119
54936	118.83	35.57	0	107
54938	118.4	35.05	0	65
54939	118.82	35.17	0	114
54940	119.2	35.75	0	148
54943	120	35.88	0	10
54945	119.53	35.43	0	37
55228	80.08	32.5	0	4279
55248	84.42	32.15	0	4415
55279	90.02	31.38	0	4700
55294	91.1	32.35	0	4800
55299	92.07	31.48	0	4507
55437	81.25	30.28	0	3900
55472	88.63	30.95	0	4672
55493	91.1	30.48	0	4200
55569	87.6	29.08	0	4000
55572	89.1	29.68	0	4000
55578	88.88	29.25	0	3836
55585	90.17	29.43	0	3809
55589	90.98	29.3	0	3555
55591	91.13	29.67	0	3649
55593	91.73	29.85	0	3804
55597	91.68	29.03	0	3740
55598	91.77	29.27	0	3560
55655	85.97	28.18	0	3810
55664	87.08	28.63	0	4300
55680	89.6	28.92	0	4040
55681	90.4	28.97	0	4432
55690	91.95	27.98	0	4280
55696	92.47	28.42	0	3860
55773	89.08	27.73	0	4300
56004	92.43	34.22	0	4533
56016	95.62	33.85	0	4179
56018	95.28	32.88	0	4066
56021	95.8	34.12	0	4175
56029	96.97	33	0	3717
56033	98.22	34.92	0	4272
56034	97.13	33.8	0	4415
56038	98.1	32.98	0	4200
56043	100.23	34.48	0	3719
56045	99.9	33.97	0	4050
56046	99.65	33.75	0	3968
56065	101.6	34.73	0	3500
56067	101.48	33.43	0	3629
56071	102.5	34.58	0	3106
56074	102.08	34	0	3471
56079	102.97	33.58	0	3441
56080	102.9	35	0	2910
56081	103.35	34.7	0	2810
56082	103.5	34.58	0	2540
56084	103.23	34.07	0	2374
56091	104.47	34.85	0	1883
56092	104.65	35	0	1728
56093	104.02	34.43	0	2315
56094	104.37	33.78	0	1400
56095	104.38	34.03	0	1753
56096	104.92	33.4	0	1079
56097	104.25	33.27	0	1437
56106	93.78	31.88	0	4023
56109	93.78	31.48	0	3940
56116	95.6	31.42	0	3873
56125	96.47	32.2	0	3644
56128	96.6	31.22	0	3810
56137	97.17	31.15	0	3315
56144	98.58	31.8	0	3184
56146	100	31.62	0	3394
56147	98.83	31.22	0	3260
56151	100.75	32.93	0	3530
56152	100.33	32.28	0	3894
56158	100.67	31.4	0	3250
56164	100.98	32.27	0	3285
56167	101.12	30.98	0	2957
56168	102.07	31.48	0	2169
56171	101.7	32.9	0	3275
56172	102.23	31.9	0	2664
56173	102.55	32.8	0	3492
56178	102.35	31	0	2438
56180	103.85	31.68	0	1590
56181	103.7	30.68	0	542
56182	103.6	32.67	0	2881
56183	103.62	31.5	0	1369
56184	103.17	31.43	0	1897
56185	102.98	32.08	0	2400
56186	104.2	31.33	0	589
56187	103.87	30.75	0	548
56188	103.67	31	0	699
56189	103.93	30.98	0	582
56190	104.55	31.55	0	519
56192	104.67	32.95	0	1014
56193	104.52	32.42	0	893
56194	104.45	31.63	0	597
56195	104.73	31.8	0	543
56196	104.73	31.45	0	523
56197	104.17	31.15	0	536
56198	104.5	31.32	0	526
56199	104.68	31.03	0	424
56202	93.28	30.67	0	4489
56223	95.83	30.75	0	3640
56227	95.77	29.87	0	2736
56228	96.92	30.05	0	3260
56247	99.1	30	0	2589
56251	100.32	30.93	0	3000
56257	100.27	30	0	3949
56263	101.88	30.88	0	1950
56267	101.02	30.03	0	2601
56272	103.88	30.82	0	559
56273	102.82	30.38	0	1010
56276	103.82	30.45	0	467
56278	102.77	30.07	0	756
56279	102.93	30.15	0	683
56280	103.12	30.08	0	691
56281	103.5	30.18	0	511
56284	103.43	30.45	0	519
56285	103.52	30.6	0	524
56286	104.25	30.55	0	515
56287	103	29.98	0	628
56288	103.92	30.58	0	495
56289	103.87	30.2	0	437
56290	104.18	30.78	0	515
56291	104.28	30.93	0	469
56295	104.55	30.38	0	449
56296	104.43	30.85	0	448
56297	104.15	30.02	0	437
56298	104.6	30.13	0	417
56307	92.58	29.15	0	3260
56312	94.33	29.67	0	2992
56317	94.22	29.22	0	2950
56331	97.83	29.67	0	3780
56342	98.6	29.68	0	3870
56357	100.3	29.05	0	3728
56371	102.23	29.92	0	1321
56373	102.85	29.78	0	763
56374	101.97	30.05	0	2616
56376	102.63	29.35	0	1098
56378	102.35	29.23	0	891
56380	103.35	29.88	0	571
56381	103.5	30.07	0	630
56382	103.6	29.73	0	407
56383	103.87	29.83	0	455
56384	103.48	29.6	0	447
56385	103.33	29.52	0	3047
56386	103.75	29.57	0	424
56387	103.27	29.23	0	642
56389	103.95	29.2	0	388
56390	104.07	29.67	0	404
56391	103.82	30.08	0	415
56393	104.85	29.77	0	369
56394	104.43	29.45	0	384
56395	104.67	29.52	0	351
56396	104.77	29.35	0	353
56399	104.98	29.18	0	306
56434	97.47	28.65	0	2328
56441	99.28	28.72	0	2423
56443	99.8	28.93	0	2842
56444	98.92	28.48	0	3319
56459	101.27	27.93	0	2427
56462	101.5	29	0	2925
56473	102.77	28.95	0	1060
56474	102.17	28.55	0	1774
56475	102.52	28.65	0	1660
56478	102.43	28.3	0	1818
56479	102.85	28	0	2132
56480	103.53	28.82	0	564
56483	103.95	28.58	0	497
56485	103.58	28.27	0	1256
56487	103.13	28.33	0	1944
56489	103.63	28.23	0	877
56490	103.9	28.95	0	424
56491	104.57	28.7	0	287
56492	104.6	28.8	0	341
56493	104.97	28.85	0	293
56494	104.15	28.65	0	462
56496	105.23	28.32	0	358
56497	104.23	28.1	0	449
56498	104.5	28.15	0	549
56499	104.78	28.38	0	368
56533	98.67	27.75	0	1583
56543	99.7	27.83	0	3277
56548	99.28	27.17	0	2326
56565	101.52	27.43	0	2545
56567	100.85	27.3	0	2241
56569	102.18	27.42	0	1380
56571	102.27	27.9	0	1591
56575	102.55	27.37	0	1428
56578	102.75	27.07	0	994
56580	102.8	27.72	0	2460
56582	103.9	27.75	0	1176
56584	103.25	27.7	0	1093
56585	103.53	27.18	0	1916
56586	103.72	27.35	0	1950
56592	104.52	28.43	0	360
56593	104.92	28.58	0	279
56594	104.05	27.63	0	880
56595	104.87	27.42	0	1645
56596	105.05	27.85	0	1177
56598	104.73	27.13	0	1535
56641	98.87	26.9	0	1190
56643	98.85	25.87	0	950
56645	99.42	26.42	0	2345
56646	99.92	26.53	0	2191
56649	99.97	26.1	0	2060
56651	100.22	26.85	0	2381
56652	100.75	26.68	0	2131
56654	100.18	26.58	0	2195
56664	101.27	26.63	0	1231
56665	101.85	26.68	0	1140
56666	101.72	26.58	0	1225
56669	101.67	26.05	0	1531
56670	102.12	26.92	0	1137
56671	102.25	26.65	0	1787
56673	102.92	26.92	0	894
56674	101.73	26.5	0	1108
56675	102.58	26.65	0	1695
56684	103.28	26.42	0	2111
56688	103.17	26.1	0	1254
56691	104.28	26.87	0	2238
56693	104.87	26.58	0	1816
56697	104.08	26.22	0	1984
56739	98.5	25.02	0	1655
56742	99.37	25.9	0	1659
56745	99.95	25.68	0	1626
56746	99.52	25.47	0	1617
56748	99.18	25.12	0	1652
56751	100.18	25.7	0	1991
56752	100.57	25.83	0	1439
56755	100.48	25.35	0	1669
56756	100.58	25.48	0	1993
56757	100.28	25.27	0	1742
56761	101.32	25.72	0	1878
56763	101.87	25.73	0	1121
56764	101.23	25.53	0	1874
56766	101.52	25.3	0	1822
56767	101.28	25.18	0	1857
56768	101.55	25.03	0	1824
56772	102.5	25.23	0	1693
56774	102.42	25.53	0	1711
56775	102.45	25.55	0	1751
56777	102.07	25.15	0	1566
56778	102.65	25	0	1888
56781	103.27	25.55	0	1873
56782	103.55	25.42	0	2067
56783	103.8	25.5	0	1906
56785	103.08	25.35	0	1916
56786	103.83	25.58	0	1899
56788	103.62	24.98	0	1858
56790	104.25	25.68	0	1926
56792	104.97	25.78	0	1649
56793	104.47	25.72	0	1800
56835	97.82	24.07	0	959
56836	97.95	24.7	0	827
56838	97.85	24	0	763
56839	98.82	23.77	0	995
56840	98.3	24.82	0	1013
56841	98.68	24.6	0	1528
56842	99.18	24.73	0	1471
56843	99.62	24.83	0	1651
56844	98.58	24.43	0	914
56846	99.93	24.58	0	1569
56849	99.23	24.03	0	1606
56851	100.52	25.03	0	1377
56854	100.13	24.45	0	1109
56856	100.87	24.47	0	1162
56862	101.6	24.68	0	1968
56863	102.48	24.93	0	1848
56867	101.12	23.98	0	1105
56869	101.97	24.07	0	1498
56870	102.17	24.67	0	1576
56871	102.6	24.65	0	1893
56872	102.62	24.95	0	2358
56873	102.92	24.68	0	1796
56875	102.55	24.33	0	1717
56876	102.77	24.28	0	1731
56878	102.75	24.13	0	1802
56879	102.92	24.18	0	1703
56880	103.17	24.92	0	1533
56881	103.27	24.75	0	1696
56882	102.8	24.88	0	1907
56883	103.98	24.82	0	1901
56885	103.45	24.4	0	1416
56886	103.77	24.53	0	1704
56889	104.17	24.05	0	1519
56891	104.32	24.98	0	1483
56898	102.4	24.18	0	1600
56944	99.27	23.15	0	1278
56946	99.4	23.55	0	1105
56948	99.6	22.63	0	1155
56949	99.6	22.32	0	945
56950	99.8	23.47	0	1044
56951	100.08	23.88	0	1502
56952	100.7	23.5	0	913
56954	99.93	22.57	0	1055
56958	100.42	21.92	0	1176
56959	100.78	22	0	582
56961	101.05	23.03	0	1337
56962	101.67	23.42	0	1315
56964	100.97	22.78	0	1302
56966	101.98	23.6	0	401
56969	101.58	21.47	0	633
56970	102.48	23.7	0	1419
56973	102.83	23.62	0	1309
56975	102.43	23.37	0	975
56976	102.83	23.23	0	232
56977	101.85	22.58	0	1121
56978	102.42	23	0	1643
56982	103.28	23.7	0	1117
56984	103.15	23.38	0	1721
56985	103.38	23.38	0	1301
56986	103.68	22.98	0	1414
56987	103.23	22.78	0	1260
56989	103.95	22.5	0	138
56991	104.33	23.62	0	1561
56992	104.7	23.45	0	1508
56994	104.28	23.33	0	1294
56995	104.42	23.03	0	1333
56996	104.7	23.13	0	1093
57001	105.33	34.75	0	1272
57002	105.65	34.85	0	1216
57003	106.83	34.9	0	924
57004	104.88	34.73	0	1495
57006	105.75	34.58	0	1142
57007	105.18	34.18	0	1405
57008	105.3	34.03	0	1579
57011	106.15	34.75	0	1378
57012	106.2	34.98	0	1665
57014	105.87	34.57	0	1085
57016	107.13	34.35	0	612
57020	107.4	34.37	0	563
57021	107.13	34.65	0	752
57022	107.78	34.68	0	1026
57023	108.1	35.03	0	841
57024	107.65	34.45	0	670
57025	107.38	34.52	0	781
57026	107.88	34.37	0	586
57027	107.73	34.27	0	518
57028	107.32	34.03	0	1544
57029	108.48	34.5	0	543
57030	108.15	34.7	0	995
57031	108.55	34.82	0	1013
57032	108.2	34.13	0	436
57033	108.82	34.55	0	428
57034	108.22	34.25	0	448
57035	108.23	34.55	0	637
57036	108.93	34.3	0	398
57037	108.98	34.93	0	710
57038	108.45	34.28	0	411
57039	108.88	34.08	0	445
57040	109.08	34.52	0	378
57041	108.92	34.63	0	424
57042	109.18	34.78	0	471
57043	109.97	34.8	0	351
57044	109.23	34.4	0	425
57045	109.48	34.52	0	350
57046	110.08	34.48	0	2065
57047	109.32	34.17	0	540
57048	108.72	34.4	0	473
57049	109.73	34.52	0	342
57051	111.2	34.8	0	410
57052	110.45	34.88	0	354
57053	110.72	34.7	0	506
57054	110.23	34.55	0	556
57055	110.08	34.55	0	351
57056	110.88	34.53	0	390
57057	110.15	34.1	0	963
57060	111.23	35.17	0	403
57061	111.2	34.83	0	411
57063	111.77	34.77	0	524
57065	112.13	34.55	0	318
57066	111.67	34.38	0	328
57067	111.03	34.05	0	569
57070	112.12	34.73	0	364
57071	112.43	34.82	0	333
57072	112.75	34.92	0	128
57074	112.4	34.42	0	252
57075	112.87	34.17	0	203
57076	112.78	34.73	0	190
57077	111.65	33.78	0	742
57078	112.47	34.15	0	337
57079	113.03	34.95	0	106
57080	112.97	34.73	0	165
57081	113.43	34.8	0	141
57082	113.02	34.47	0	427
57083	113.65	34.72	0	110
57084	113.05	34.5	0	1178
57085	113.33	34.53	0	260
57086	113.72	34.38	0	117
57087	113.8	34.2	0	88
57088	113.5	34.15	0	116
57089	113.93	34.07	0	67
57090	113.97	34.72	0	78
57091	114.3	34.78	0	74
57093	114.82	34.85	0	73
57094	114.22	34.4	0	67
57095	114.15	34.12	0	61
57096	114.78	34.53	0	60
57098	114.4	34.08	0	58
57099	114.85	34.07	0	53
57102	105.72	33.75	0	970
57105	105.6	33.33	0	1221
57106	106.15	33.32	0	794
57110	106.08	33.78	0	931
57111	106.3	33.92	0	961
57113	106.53	33.9	0	986
57119	106.7	33.17	0	548
57123	108.07	34.28	0	506
57124	106.93	33.63	0	1032
57126	107.55	33.22	0	469
57127	107.03	33.07	0	510
57128	107.33	33.17	0	486
57129	107.72	32.98	0	446
57131	108.97	34.43	0	410
57132	108.62	34.12	0	415
57134	107.98	33.52	0	827
57137	108.32	33.32	0	802
57140	109.12	33.67	0	818
57143	109.97	33.87	0	742
57144	109.15	33.43	0	694
57153	110.33	33.68	0	582
57154	110.9	33.53	0	523
57155	109.87	33.55	0	660
57156	111.5	33.3	0	250
57162	112.08	34.15	0	326
57169	111.87	33.05	0	159
57173	112.88	33.75	0	146
57175	112.23	33.05	0	191
57176	112.42	33.48	0	231
57177	113.53	33.33	0	90
57178	112.58	33.03	0	129
57179	113	33.28	0	160
57180	113.2	33.98	0	118
57181	113.05	33.88	0	136
57182	113.52	33.85	0	80
57183	113.92	33.8	0	60
57184	113.37	33.63	0	83
57185	113.58	33.45	0	91
57186	114.05	33.6	0	59
57187	112.93	33.07	0	118
57188	114.03	33.37	0	56
57189	113.95	33.13	0	65
57190	114.4	33.75	0	51
57191	114.48	34.48	0	63
57192	114.85	33.73	0	46
57193	114.52	33.78	0	53
57194	114.27	33.28	0	60
57195	114.62	33.62	0	47
57196	114.87	33.47	0	42
57197	114.35	32.97	0	50
57198	114.62	33.55	0	46
57204	105.22	32.57	0	782
57206	105.85	32.43	0	514
57208	105.52	32.28	0	545
57211	106.25	32.83	0	836
57213	106.93	33	0	537
57216	106.83	32.35	0	579
57217	106.28	32.23	0	486
57231	108.53	32.53	0	504
57232	108.27	33.05	0	485
57233	108.5	32.9	0	413
57237	108.03	32.07	0	674
57238	107.9	32.53	0	694
57242	109.37	32.85	0	286
57245	109.03	32.72	0	291
57247	108.9	32.32	0	439
57248	109.33	32.4	0	431
57249	109.68	32.32	0	448
57251	110.42	33	0	249
57253	110.82	32.85	0	202
57254	110.12	32.82	0	323
57256	110.78	32.65	0	287
57257	110.23	32.23	0	307
57259	110.77	32.03	0	427
57260	111.52	32.57	0	133
57261	111.52	33.12	0	233
57265	111.73	32.43	0	132
57268	111.62	32.27	0	120
57271	112.38	32.55	0	88
57273	112.85	32.68	0	110
57274	112.12	32.7	0	108
57278	112.08	32	0	163
57279	112.75	32.15	0	126
57281	113.3	32.7	0	142
57285	113.42	32.38	0	153
57290	114.02	33	0	83
57292	114.63	32.97	0	44
57293	114.98	32.73	0	38
57294	114.02	32.83	0	84
57295	114.35	32.62	0	79
57296	114.73	32.35	0	49
57297	114.05	32.13	0	115
57298	114.55	32.22	0	55
57299	114.9	32.02	0	49
57303	105.92	31.73	0	460
57304	105.17	31.67	0	517
57306	105.97	31.58	0	383
57307	105.08	31.1	0	405
57308	105.38	31.22	0	421
57309	105.88	30.98	0	378
57313	106.77	31.87	0	418
57314	106.07	31.35	0	406
57315	106.4	31.53	0	656
57317	106.42	31.03	0	325
57318	106.55	31.07	0	339
57320	107.22	31.93	0	482
57324	107.08	31.58	0	364
57326	107.72	31.37	0	389
57328	107.5	31.2	0	345
57329	107.85	31.1	0	468
57333	108.67	31.95	0	798
57338	108.42	31.18	0	217
57339	108.68	30.95	0	297
57343	109.53	31.9	0	996
57345	109.62	31.4	0	338
57348	109.53	31.02	0	300
57349	109.87	31.07	0	276
57355	110.37	31.03	0	334
57358	110.97	30.83	0	296
57359	110.73	31.35	0	337
57361	111.27	31.88	0	328
57362	110.67	31.75	0	935
57363	111.83	31.8	0	151
57368	111.63	31.05	0	142
57370	112.22	31.73	0	68
57377	112.22	31	0	192
57378	112.57	31.17	0	66
57381	113.33	31.62	0	116
57385	113.82	31.62	0	93
57386	114	31.25	0	52
57387	113.13	31	0	85
57388	113.7	31.27	0	54
57389	113.75	31.03	0	32
57390	114.07	31.8	0	734
57395	114.12	31.57	0	75
57396	114.85	31.63	0	129
57398	114.62	31.28	0	74
57399	114.95	31.13	0	74
57401	105.37	30.87	0	383
57402	105.7	30.77	0	395
57405	105.55	30.5	0	355
57407	105.03	30.28	0	463
57408	105.35	30.12	0	338
57409	105.8	30.18	0	298
57411	106.1	30.78	0	310
57413	106.97	30.85	0	295
57414	106.45	30.52	0	404
57415	106.63	30.52	0	395
57416	106.93	30.33	0	392
57417	106.28	30.35	0	316
57420	107.18	30.75	0	418
57425	107.33	30.33	0	434
57426	107.8	30.68	0	455
57431	108.35	30.83	0	257
57432	108.4	30.77	0	187
57437	108.03	30.3	0	326
57438	108.12	29.98	0	632
57439	108.93	30.28	0	1074
57445	109.72	30.6	0	609
57447	109.47	30.28	0	457
57453	111.32	30.77	0	115
57458	110.67	30.2	0	620
57460	111.78	30.82	0	92
57461	111.3	30.7	0	133
57462	111.08	30.87	0	140
57464	111.18	30.47	0	143
57465	111.45	30.38	0	74
57466	111.75	30.43	0	50
57469	111.77	30.18	0	70
57475	112.9	30.4	0	31
57476	112.15	30.35	0	32
57477	112.22	30.07	0	38
57481	113.57	30.95	0	30
57482	113.95	30.9	0	26
57483	113.13	30.67	0	32
57485	113.48	30.3	0	24
57486	113.85	30.65	0	25
57489	114	30.58	0	38
57491	114.4	30.87	0	31
57492	114.8	30.83	0	26
57493	114.33	30.35	0	74
57494	114.05	30.6	0	24
57495	114.88	30.67	0	28
57496	114.87	30.37	0	31
57498	114.9	30.43	0	21
57499	114.88	30.07	0	40
57502	105.7	29.7	0	395
57503	105.12	29.62	0	350
57505	105.58	29.42	0	338
57506	105.9	29.37	0	353
57507	105.3	29.33	0	373
57508	105.37	29.15	0	301
57509	106.93	28.95	0	325
57510	106.07	29.85	0	326
57511	106.45	29.85	0	241
57512	106.28	29.97	0	231
57513	106.62	29.73	0	465
57514	106.22	29.58	0	332
57516	106.47	29.58	0	259
57517	106.25	29.28	0	261
57518	106.5	29.33	0	506
57519	107.12	29.17	0	699
57520	107.07	29.83	0	378
57522	107.27	29.73	0	373
57523	107.73	29.85	0	291
57525	107.75	29.32	0	278
57536	108.78	29.53	0	607
57537	108.17	29.3	0	322
57540	109.15	29.68	0	777
57541	109.48	30	0	533
57543	110.03	29.9	0	540
57544	109.45	29.47	0	489
57545	109.42	29.53	0	503
57554	110.17	29.4	0	322
57558	110.47	29.13	0	184
57562	111.37	29.58	0	117
57564	111.13	29.43	0	103
57565	111.73	29.67	0	38
57566	111.65	29.45	0	52
57571	112.4	29.7	0	36
57573	112.9	29.83	0	30
57574	112.4	29.37	0	36
57575	112.57	29.52	0	31
57577	112.17	29.4	0	37
57581	113.45	29.82	0	27
57582	113.88	29.72	0	47
57583	113.97	29.92	0	62
57584	113.08	29.38	0	53
57585	113.45	29.48	0	60
57586	114.03	29.53	0	79
57589	113.8	29.25	0	103
57590	114.37	29.85	0	99
57595	114.5	29.6	0	76
57596	114.2	29.63	0	751
57598	114.58	29.03	0	147
57600	105.07	28.72	0	263
57603	105.83	28.82	0	283
57604	105.38	28.78	0	369
57605	105.82	28.03	0	538
57606	106.83	28.13	0	972
57608	105.43	28.17	0	378
57609	105.7	28.58	0	317
57612	106.65	29	0	475
57614	106.22	28.33	0	1180
57623	107.6	28.88	0	686
57625	107.45	28.55	0	680
57633	108.77	28.82	0	827
57634	107.88	28.52	0	660
57635	108.98	28.45	0	364
57636	108.5	28.57	0	335
57637	108.12	28.25	0	523
57640	109.45	28.58	0	341
57642	109.63	28.7	0	325
57643	109.83	29	0	268
57646	109.95	28.62	0	302
57647	109.18	28.15	0	406
57649	109.68	28.23	0	255
57655	110.4	28.47	0	152
57657	110.2	28.22	0	186
57658	110.2	28.02	0	153
57661	111.48	28.92	0	49
57662	111.68	29.12	0	151
57663	111.95	28.92	0	32
57666	112.13	28.52	0	52
57669	111.22	28.38	0	128
57671	112.37	28.85	0	37
57673	112.88	28.68	0	53
57674	112.38	28.57	0	46
57678	112.55	28.25	0	75
57679	112.78	28.12	0	115
57680	113.07	28.8	0	47
57682	113.57	28.72	0	106
57687	112.92	28.22	0	68
57688	113.63	28.15	0	101
57694	114.38	28.53	0	260
57696	114.78	28.4	0	92
57698	114.45	28.12	0	98
57699	114.92	28.23	0	67
57707	105.28	27.3	0	1511
57708	105.6	27.15	0	1700
57710	106.4	27.8	0	890
57712	106.95	27.73	0	984
57713	106.88	27.7	0	844
57714	106.23	27.47	0	942
57717	106.83	27.53	0	974
57718	106.73	27.1	0	1038
57719	106.97	27.07	0	1276
57720	107.17	27.88	0	889
57722	107.47	27.77	0	792
57723	107.72	27.98	0	710
57728	107.47	27.07	0	1097
57729	107.88	27.23	0	622
57731	108.25	27.95	0	417
57732	108.4	28.02	0	457
57734	108.23	27.57	0	468
57735	108.82	27.18	0	404
57736	108.85	27.7	0	369
57737	108.12	27.03	0	547
57738	108.42	27.05	0	516
57739	108.92	27.23	0	395
57740	109.6	27.95	0	350
57741	109.18	27.72	0	283
57742	109.2	27.52	0	884
57743	109.8	27.88	0	177
57744	109.17	27.37	0	356
57745	109.68	27.45	0	272
57749	110	27.57	0	258
57752	110.6	27.92	0	204
57754	110.15	27.35	0	171
57758	110.58	27.07	0	324
57760	111.43	27.7	0	249
57761	111.3	27.75	0	212
57762	111.7	27.68	0	165
57763	112	27.68	0	206
57766	111.45	27.18	0	311
57767	111	27.13	0	308
57768	111.45	27.32	0	243
57769	111.73	27.23	0	253
57771	112.53	27.93	0	88
57772	112.5	27.75	0	87
57773	112.82	27.87	0	64
57774	112.17	27.45	0	100
57776	112.7	27.3	0	1266
57777	112.87	27.23	0	63
57778	112.95	27.1	0	70
57779	113.35	27	0	103
57780	113.17	27.87	0	75
57781	113.5	27.65	0	74
57783	113.82	27.88	0	120
57786	113.85	27.63	0	118
57789	113.95	27.13	0	195
57792	114.68	27.82	0	94
57793	114.38	27.8	0	131
57794	114.02	27.63	0	177
57796	114.93	27.8	0	82
57798	114.6	27.4	0	86
57799	114.92	27.05	0	71
57800	105.37	26.77	0	1457
57803	106.02	27.03	0	1231
57805	105.77	26.68	0	1319
57806	105.9	26.25	0	1431
57807	105.47	26.2	0	1362
57808	105.75	26.32	0	1275
57809	105.75	26.07	0	1251
57811	106.6	26.83	0	1297
57813	106.47	26.57	0	1262
57814	106.27	26.42	0	1298
57816	106.73	26.58	0	1224
57818	106.45	26.03	0	1140
57821	107.5	26.7	0	925
57822	107.9	26.9	0	835
57824	107.23	26.58	0	1001
57825	107.98	26.6	0	720
57827	107.53	26.32	0	969
57828	107.58	26.5	0	984
57829	107.8	26.2	0	963
57832	108.67	26.97	0	627
57834	108.3	26.68	0	641
57835	108.43	26.72	0	527
57837	108.07	26.4	0	839
57839	109.15	26.23	0	569
57840	109.2	26.9	0	401
57841	109.67	26.57	0	320
57842	109.72	26.88	0	281
57844	109.18	26.68	0	343
57845	109.78	26.17	0	398
57846	110.15	26.58	0	310
57851	110.83	26.47	0	346
57853	110.63	26.73	0	341
57857	110.32	26.37	0	478
57859	110.63	26.03	0	408
57860	111.28	27	0	283
57865	111.58	26.47	0	166
57866	111.62	26.23	0	173
57867	111.28	26.4	0	169
57868	111.87	26.6	0	113
57870	112.1	26.8	0	152
57871	112.37	26.98	0	91
57872	112.6	26.9	0	105
57874	112.4	26.42	0	117
57875	112.68	26.75	0	137
57876	112.83	26.43	0	135
57881	113.25	26.72	0	102
57882	113.55	26.78	0	136
57883	114.28	26.75	0	253
57886	113.8	26.48	0	269
57887	113.12	26.12	0	168
57889	113.95	26.08	0	836
57891	114.25	26.93	0	153
57894	114.17	26.58	0	843
57895	114.78	26.47	0	102
57896	114.5	26.33	0	126
57899	114.92	26.8	0	71
57900	105.22	25.83	0	1553
57902	105.18	25.43	0	1379
57903	105.6	25.93	0	1142
57905	105.63	25.4	0	1063
57906	106.08	25.18	0	567
57907	104.9	25.08	0	1300
57908	105.48	25.12	0	1395
57909	105.82	24.98	0	585
57910	106.08	25.77	0	1198
57911	106.65	26.67	0	1323
57912	106.63	26.13	0	991
57913	106.98	26.45	0	1094
57914	106.67	26.42	0	1149
57915	106.77	26.63	0	1104
57916	106.77	25.43	0	440
57921	107.32	25.83	0	709
57922	107.55	25.83	0	1013
57923	107.87	25.98	0	419
57926	107.88	25.42	0	429
57927	107.18	24.97	0	287
57932	108.53	25.97	0	286
57936	108.92	25.75	0	258
57941	109.6	25.78	0	197
57942	110	25.8	0	268
57947	109.4	25.22	0	121
57948	109.25	25.08	0	123
57949	110	24.98	0	157
57954	110.18	25.23	0	158
57955	110.67	25.62	0	224
57956	110.32	25.42	0	168
57957	110.3	25.32	0	164
57958	110.32	25.08	0	151
57960	111.07	25.93	0	196
57962	111.65	25.97	0	168
57964	111.15	25.5	0	263
57965	111.6	25.53	0	192
57966	111.97	25.6	0	244
57969	111.33	25.27	0	227
57971	112.2	25.92	0	224
57972	113.03	25.8	0	185
57973	112.72	25.75	0	329
57974	112.37	25.58	0	215
57975	112.2	25.38	0	277
57976	112.95	25.42	0	223
57978	112.55	25.28	0	292
57981	113.22	25.98	0	139
57985	113.68	25.57	0	610
57988	113.35	25.15	0	103
57989	113.77	25.07	0	113
57990	114.3	25.7	0	247
57991	114.55	25.8	0	140
57992	114.75	25.67	0	127
57993	115	25.87	0	138
57994	114.35	25.4	0	216
57995	114.93	25.4	0	164
57996	114.25	25.08	0	150
58001	115.1	34.43	0	56
58002	115.58	34.85	0	49
58003	115.88	34.95	0	45
58004	115.15	34.65	0	61
58005	115.67	34.45	0	50
58006	115.88	34.38	0	46
58007	115.3	34.07	0	47
58008	115.33	34.47	0	54
58011	116.07	34.8	0	46
58012	116.58	34.68	0	40
58013	116.9	34.75	0	37
58015	116.33	34.45	0	44
58016	116.97	34.18	0	35
58017	116.13	34.25	0	41
58020	117.13	34.8	0	35
58021	117.28	34.78	0	81
58022	117.57	34.75	0	48
58024	117.58	34.87	0	78
58025	117.73	34.57	0	28
58026	118.02	34.4	0	26
58027	117.15	34.28	0	41
58030	118.07	34.85	0	46
58032	118.65	34.93	0	70
58034	118.32	34.6	0	36
58035	118.35	34.33	0	29
58036	118.73	34.52	0	35
58038	118.78	34.08	0	10
58040	119.13	34.85	0	5
58041	119.43	34.78	0	27
58044	119.23	34.53	0	5
58045	119.6	34.2	0	5
58047	119.23	34.25	0	5
58048	119.35	34.12	0	4
58049	119.8	34.02	0	4
58100	115.17	33.65	0	41
58101	115.48	33.87	0	41
58102	115.77	33.87	0	38
58104	115.07	33.4	0	41
58107	115.28	33.02	0	36
58108	115.33	33.23	0	34
58109	115.62	33.18	0	33
58111	116.45	33.97	0	33
58112	116.45	30.73	0	968
58113	116.75	33.93	0	32
58114	116.18	33.48	0	30
58116	116.83	33.98	0	32
58117	116.2	33.13	0	28
58118	116.52	33.27	0	26
58122	116.98	33.63	0	26
58125	117.55	33.55	0	24
58126	117.87	33.47	0	20
58127	117.2	32.98	0	21
58128	117.35	33.33	0	21
58129	117.83	33.15	0	15
58130	117.95	33.93	0	24
58131	118.27	33.98	0	28
58132	118.68	33.72	0	15
58135	118.22	33.48	0	17
58138	118.52	32.98	0	41
58139	118.92	33.3	0	11
58140	119.3	33.77	0	9
58141	118.93	33.63	0	13
58143	119.85	33.8	0	5
58145	119.15	33.5	0	7
58146	119.77	33.47	0	3
58147	118.97	32.98	0	24
58148	119.3	33.23	0	4
58150	120.25	33.77	0	2
58154	120.2	33.43	0	3
58158	120.48	33.2	0	3
58202	115.58	32.63	0	32
58203	115.73	32.87	0	33
58205	115.43	32.47	0	35
58207	115.05	32.17	0	43
58208	115.62	32.17	0	43
58210	116.23	32.65	0	25
58212	116.73	32.72	0	22
58214	116.28	32.33	0	33
58215	116.78	32.43	0	26
58220	117.15	32.47	0	28
58221	117.3	32.85	0	27
58222	117.55	32.85	0	25
58223	117.98	32.8	0	31
58224	117.02	32.65	0	33
58225	117.67	32.53	0	70
58230	118.28	32.12	0	27
58234	118.42	32.47	0	40
58235	118.85	32.37	0	10
58236	118.25	32.35	0	34
58237	118.58	32.07	0	47
58238	118.9	31.93	0	35
58240	119.02	32.68	0	21
58241	119.45	32.8	0	5
58242	119.17	32.3	0	23
58243	119.82	32.95	0	3
58244	119.58	32.45	0	5
58245	119.42	32.42	0	10
58246	120	32.55	0	3
58247	119.8	32.27	0	5
58249	120	32.17	0	4
58250	120.15	32.52	0	6
58251	120.28	32.85	0	3
58252	119.47	32.18	0	27
58254	120.45	32.52	0	5
58255	120.57	32.37	0	6
58257	120.25	31.98	0	4
58259	120.98	32.08	0	5
58264	121.18	32.33	0	3
58265	121.6	32.07	0	4
58268	121.08	32.1	0	4
58269	121.65	31.78	0	3
58301	115.38	31.82	0	92
58306	115.88	31.68	0	95
58311	116.5	31.73	0	74
58314	116.32	31.4	0	86
58316	116.92	31.47	0	24
58317	116.37	30.87	0	434
58319	116.95	31.07	0	85
58320	117.13	31.73	0	22
58321	117.3	31.78	0	27
58323	117.47	31.88	0	25
58326	117.83	31.58	0	31
58327	117.28	31.27	0	45
58329	117.87	31.33	0	10
58330	118.08	31.75	0	26
58331	118.37	31.73	0	23
58334	118.37	31.38	0	10
58335	118.52	31.57	0	23
58336	118.57	31.7	0	80
58337	118.18	31.08	0	27
58338	118.58	31.15	0	17
58339	118.9	31.33	0	15
58340	119.03	31.65	0	26
58341	119.6	31.98	0	7
58342	119.55	31.72	0	7
58343	119.98	31.88	0	4
58344	119.2	31.97	0	36
58345	119.48	31.43	0	6
58346	119.82	31.33	0	16
58349	120.63	31.27	0	2
58351	120.3	31.9	0	4
58352	120.77	31.65	0	5
58353	120.57	31.87	0	9
58354	120.35	31.62	0	3
58356	121	31.4	0	3
58358	120.43	31.07	0	17
58359	120.62	31.13	0	5
58360	121.2	31.92	0	3
58361	121.37	31.1	0	6
58362	121.45	31.4	0	6
58365	121.25	31.37	0	4
58366	121.4	31.63	0	5
58367	121.43	31.2	0	5
58369	121.78	31.05	0	5
58370	121.53	31.23	0	4
58377	121.1	31.47	0	2
58401	115.4	30.75	0	123
58402	115.67	30.73	0	124
58404	115.22	30.47	0	62
58407	115.03	30.23	0	32
58408	115.43	30.23	0	35
58409	115.93	30.1	0	32
58414	116.32	30.43	0	105
58415	116.55	30.67	0	64
58416	116.82	30.75	0	36
58417	116.13	30.17	0	55
58418	116.67	30.13	0	60
58419	117.02	30.1	0	18
58420	117.23	30.72	0	58
58421	117.87	30.63	0	31
58423	117.78	30.48	0	647
58424	116.97	30.62	0	62
58426	118.13	30.3	0	193
58427	117.5	30.65	0	15
58428	117.5	30.22	0	119
58429	117.85	30.98	0	11
58431	118.32	30.9	0	39
58432	118.4	30.68	0	57
58433	118.75	30.93	0	31
58435	118.53	30.3	0	220
58436	118.98	30.62	0	87
58437	118.15	30.13	0	1840
58438	118.58	30.08	0	191
58441	119.42	30.87	0	43
58442	119.18	31.17	0	17
58443	119.9	31.02	0	25
58446	119.7	30.63	0	72
58448	119.7	30.22	0	118
58449	119.95	30.05	0	47
58450	120.05	30.87	0	7
58451	120.93	30.83	0	3
58452	120.77	30.73	0	5
58453	120.5	30.07	0	8
58454	119.97	30.53	0	8
58455	120.65	30.52	0	9
58456	120.52	30.63	0	6
58457	120.17	30.23	0	42
58458	120.9	30.53	0	5
58459	120.28	30.18	0	44
58460	121.35	30.73	0	5
58461	121.12	31.13	0	4
58462	121.23	31.03	0	4
58463	121.5	30.88	0	5
58464	121.08	30.62	0	5
58467	121.27	30.2	0	5
58468	121.17	30.05	0	5
58472	122.45	30.73	0	80
58477	122.1	30.03	0	36
58484	122.2	30.25	0	37
58500	115.2	29.85	0	46
58501	115.63	29.92	0	24
58502	116	29.73	0	36
58503	115.67	29.7	0	41
58505	115.9	29.62	0	63
58506	115.98	29.58	0	1165
58507	115.12	29.25	0	116
58508	115.77	29.33	0	41
58509	115.82	29.05	0	37
58510	116.23	29.73	0	40
58512	116.55	29.9	0	71
58514	116.05	29.45	0	37
58517	116.2	29.27	0	36
58519	116.68	29	0	40
58520	117.72	29.85	0	142
58523	117.93	29.93	0	228
58524	117.22	29.37	0	87
58527	117.2	29.3	0	62
58529	117.85	29.27	0	81
58530	118.43	29.87	0	169
58531	118.28	29.72	0	143
58534	118.18	29.78	0	170
58537	118.4	29.13	0	154
58542	119.68	29.82	0	46
58543	119.02	29.62	0	171
58544	119.27	29.48	0	89
58546	119.88	29.47	0	116
58547	119.18	29.03	0	66
58548	119.47	29.22	0	50
58549	119.65	29.12	0	63
58550	120.25	29.7	0	39
58553	120.82	30.05	0	6
58555	120.88	29.52	0	114
58556	120.82	29.6	0	104
58557	120.08	29.33	0	90
58558	120.22	29.27	0	90
58559	120.98	29.17	0	58
58560	120.43	29.05	0	305
58561	121.6	29.98	0	4
58562	121.55	29.78	0	5
58563	121.83	29.88	0	5
58565	121.43	29.68	0	20
58566	121.88	29.47	0	6
58567	121.43	29.32	0	39
58568	121.38	29.12	0	35
58569	121.95	29.2	0	128
58570	122.3	29.95	0	85
58600	115.37	28.87	0	79
58601	115.38	28.7	0	54
58602	115.55	28.85	0	39
58605	115.38	28.42	0	47
58606	115.92	28.6	0	47
58607	115.95	28.55	0	32
58608	115.55	28.07	0	30
58609	115.82	28.22	0	27
58612	116.68	28.7	0	21
58614	116.27	28.38	0	34
58615	117.08	28.68	0	56
58616	116.82	28.2	0	41
58618	116.6	28.23	0	51
58619	116.37	28	0	49
58620	117.1	29.02	0	51
58622	117.58	28.95	0	89
58623	117.92	28.47	0	91
58624	117.43	28.4	0	70
58625	117.6	28.42	0	79
58626	117.25	28.32	0	61
58627	117.03	28.25	0	56
58629	117.7	28.32	0	55
58631	118.5	28.9	0	137
58632	118.6	28.72	0	126
58633	118.9	29	0	82
58634	118.25	28.68	0	116
58635	118.2	28.43	0	95
58637	117.98	28.45	0	118
58642	119.8	28.88	0	105
58643	120.03	28.9	0	103
58644	119.28	28.6	0	238
58646	119.92	28.45	0	60
58647	119.13	28.08	0	222
58652	120.72	28.87	0	83
58654	120.08	28.67	0	185
58656	120.97	28.07	0	61
58657	120.28	28.15	0	58
58658	120.68	28.15	0	34
58659	120.65	28.03	0	28
58660	121.2	28.87	0	7
58664	121.37	28.37	0	35
58665	121.42	28.62	0	5
58666	121.9	28.45	0	86
58667	121.27	28.08	0	96
58693	115.83	28.7	0	40
58701	115.4	27.77	0	47
58704	115.35	27.62	0	53
58705	115.42	27.33	0	86
58706	115.83	27.43	0	182
58707	115.13	27.22	0	66
58710	116.05	27.77	0	79
58712	116.78	27.92	0	130
58713	117.07	27.72	0	225
58714	116.23	27.55	0	120
58715	116.65	27.58	0	81
58718	116.53	27.22	0	112
58719	116.93	27.3	0	131
58724	117.32	27.53	0	268
58725	117.47	27.33	0	218
58730	118.03	27.77	0	222
58731	118.53	27.92	0	277
58734	118.12	27.33	0	197
58735	118.8	27.52	0	205
58736	118.82	27.37	0	222
58737	118.32	27.05	0	155
58742	119.55	28.12	0	163
58744	119.42	27.45	0	816
58745	119.08	27.62	0	401
58746	119.7	27.55	0	539
58747	119.35	27.15	0	899
58748	119.65	27.1	0	51
58749	119.88	27.23	0	684
58750	120.08	27.78	0	105
58751	120.57	27.67	0	254
58752	120.65	27.78	0	40
58754	120.2	27.33	0	36
58760	121.15	27.83	0	69
58804	115.35	26.35	0	151
58806	116.02	26.48	0	209
58813	116.33	26.85	0	144
58814	116.35	26.35	0	247
58818	116.63	26.23	0	359
58819	116.82	26.18	0	337
58820	117.17	26.9	0	343
58821	117.47	26.73	0	174
58822	116.85	26.83	0	342
58823	117.8	26.8	0	175
58824	117.15	26.4	0	357
58826	117.8	26.4	0	121
58828	117.62	26.27	0	208
58834	118.17	26.63	0	152
58836	118.73	26.58	0	362
58837	118.15	26.17	0	137
58839	118.85	26.23	0	41
58843	120.02	26.88	0	57
58844	119.15	26.15	0	58
58845	119.53	26.5	0	61
58846	119.52	26.67	0	32
58847	119.28	26.08	0	84
58848	119.55	26.2	0	13
58850	120.23	26.92	0	92
58903	116.03	25.9	0	208
58905	115.42	25.97	0	133
58906	115.8	25.6	0	167
58907	115.4	25.15	0	305
58911	116.37	25.85	0	310
58912	116.73	25.72	0	404
58917	116.1	25.08	0	307
58918	116.42	25.05	0	198
58921	117.35	25.97	0	206
58923	117.83	25.7	0	400
58926	117.42	25.3	0	205
58927	117.02	25.05	0	376
58928	117.53	25.02	0	167
58929	118.15	25.07	0	68
58931	118.1	25.72	0	1654
58932	118.93	25.87	0	86
58933	118.98	26.92	0	870
58934	118.27	25.33	0	170
58935	118.23	25.48	0	521
58936	118.7	25.37	0	78
58938	118.98	25.23	0	23
58940	119.33	26.08	0	26
58941	119.5	25.97	0	26
58942	119.38	25.72	0	39
58944	119.78	25.52	0	32
58946	119	25.45	0	81
59001	105.33	24.78	0	672
59004	105.1	24.5	0	726
59007	105.07	24.07	0	1250
59012	106.55	24.78	0	972
59015	106.57	24.35	0	438
59017	106.27	24.27	0	278
59021	107.03	24.55	0	509
59022	107.55	24.98	0	698
59023	108.03	24.7	0	260
59025	107.38	24.53	0	249
59027	107.25	24.13	0	255
59031	108.25	24.83	0	209
59033	108.9	24.78	0	329
59034	108.67	24.48	0	151
59037	108.1	23.93	0	171
59038	108.65	24.07	0	139
59041	109.25	24.65	0	108
59044	109.38	24.47	0	98
59045	109.75	24.48	0	95
59046	109.4	24.35	0	97
59047	109.33	24.25	0	101
59051	110.5	24.77	0	137
59052	110.82	24.83	0	170
59053	110.67	24.62	0	106
59055	110.4	24.5	0	166
59057	110.18	24.13	0	831
59058	110.52	24.2	0	146
59059	110.8	24.18	0	106
59061	111.27	24.82	0	193
59063	111.45	25.18	0	266
59064	111.32	24.55	0	137
59065	111.5	24.42	0	149
59071	112.28	24.73	0	174
59072	112.37	24.8	0	132
59074	112.15	24.57	0	301
59075	112.63	24.48	0	71
59081	113.27	24.78	0	98
59082	113.6	24.67	0	121
59087	113.52	23.88	0	97
59088	113.42	24.18	0	75
59090	114.07	24.95	0	103
59091	114.53	24.75	0	252
59092	114.82	24.92	0	206
59093	115.03	24.78	0	253
59094	114.12	24.35	0	184
59096	114.48	24.37	0	215
59097	114.2	24.05	0	199
59099	114.93	24.45	0	174
59102	115.65	24.95	0	304
59106	115.9	24.58	0	153
59107	115.28	24.12	0	180
59109	115.73	24.15	0	124
59113	116.72	24.73	0	227
59114	116.17	24.65	0	136
59116	116.7	24.33	0	81
59117	116.07	24.28	0	116
59122	117.75	24.62	0	43
59124	117.38	24.52	0	54
59125	117.3	24.38	0	109
59126	117.65	24.5	0	29
59127	117.83	24.43	0	32
59129	117.6	24.13	0	53
59130	118.15	24.73	0	31
59131	118.37	24.97	0	45
59133	118.92	24.9	0	22
59134	118.07	24.48	0	139
59137	118.57	24.82	0	56
59205	105.63	23.65	0	686
59209	105.83	23.42	0	794
59211	106.6	23.9	0	175
59213	106.92	23.73	0	110
59215	106.63	23.33	0	680
59218	106.42	23.13	0	740
59224	107.12	23.6	0	111
59227	107.15	23.08	0	437
59228	107.58	23.32	0	109
59229	107.7	23.17	0	126
59230	108.17	23.72	0	168
59235	108.62	23.43	0	116
59237	108.28	23.17	0	112
59238	108.8	23.22	0	123
59241	109.68	23.97	0	91
59242	109.23	23.75	0	85
59246	109.67	23.6	0	70
59249	109.62	23.12	0	51
59254	110.08	23.4	0	43
59255	110.38	23.55	0	33
59256	110.92	23.37	0	55
59264	111.5	23.4	0	84
59265	111.3	23.48	0	115
59266	111.23	23.42	0	43
59268	111.53	23.25	0	29
59269	111.78	23.17	0	47
59270	112.18	23.92	0	85
59271	112.43	23.63	0	57
59276	112.65	23.35	0	40
59278	112.45	23.03	0	41
59279	112.87	23.18	0	24
59280	113.08	23.72	0	79
59284	113.23	23.42	0	39
59285	113.6	23.57	0	38
59287	113.48	23.22	0	71
59288	113.02	23.15	0	30
59289	113.73	22.97	0	56
59290	114.23	23.73	0	70
59293	114.73	23.8	0	71
59294	113.83	23.33	0	31
59297	114.28	23.18	0	17
59298	114.37	23.07	0	109
59303	115.75	23.92	0	136
59304	115.18	23.63	0	177
59306	115.85	23.45	0	81
59310	116.18	23.77	0	45
59312	116.7	23.67	0	61
59313	116.98	23.68	0	45
59314	116.13	23.3	0	29
59315	116.4	23.58	0	43
59316	116.68	23.4	0	3
59317	116.3	23.03	0	14
59318	116.58	23.27	0	6
59319	116.83	23.43	0	4
59320	117.13	23.77	0	18
59321	117.5	23.78	0	53
59322	117.37	23.98	0	23
59324	117.03	23.43	0	7
59417	106.85	22.33	0	129
59419	106.75	22.1	0	243
59421	107.2	22.83	0	255
59425	107.35	22.4	0	108
59426	107.9	22.63	0	90
59427	107.07	22.12	0	163
59429	107.97	22.15	0	180
59431	108.22	22.63	0	122
59432	108.4	22.8	0	195
59435	108.48	22.77	0	75
59441	109.25	22.7	0	79
59446	109.3	22.42	0	67
59448	109.55	22.27	0	70
59449	109.98	22.3	0	86
59451	110.35	22.7	0	98
59452	110.53	22.83	0	132
59453	110.12	22.67	0	122
59454	111	22.92	0	99
59456	110.93	22.35	0	141
59457	110.27	22.32	0	122
59462	111.6	22.7	0	60
59469	111.78	22.17	0	38
59470	112.2	22.7	0	57
59471	112.05	22.93	0	102
59473	112.97	22.77	0	20
59475	112.65	22.4	0	28
59476	113.03	22.53	0	36
59477	112.3	22.18	0	25
59478	112.78	22.25	0	33
59480	113.25	22.85	0	21
59481	113.32	22.93	0	12
59485	113.4	22.5	0	34
59487	113.3	22.23	0	23
59488	113.57	22.28	0	52
59492	114.73	22.97	0	47
59493	114	22.53	0	63
59500	115.32	22.97	0	7
59501	115.37	22.8	0	17
59502	115.65	22.95	0	6
59626	107.97	21.53	0	22
59631	108.35	21.78	0	32
59632	108.62	21.95	0	5
59635	108.35	21.62	0	31
59640	109.18	21.67	0	6
59644	109.13	21.45	0	13
59647	109.1	21.03	0	55
59650	110.25	21.4	0	30
59653	110.85	21.93	0	31
59654	110.3	21.63	0	29
59655	110.62	21.65	0	32
59656	110.82	21.4	0	27
59658	110.3	21.15	0	53
59659	110.92	21.75	0	33
59663	111.97	21.83	0	90
59664	110.98	21.53	0	32
59673	112.77	21.73	0	22
59750	110.07	20.97	0	33
59754	110.18	20.33	0	56
59757	110.37	20	0	10
59758	110.25	20	0	64
59838	108.62	19.1	0	8
59842	109.68	19.9	0	32
59843	110	19.73	0	31
59845	109.58	19.52	0	169
59847	109.05	19.27	0	98
59848	109.43	19.23	0	216
59849	109.83	19.03	0	251
59851	110.33	19.67	0	53
59854	110.1	19.37	0	118
59855	110.47	19.23	0	24
59856	110.75	19.62	0	22
59940	109.17	18.75	0	155
59941	109.52	18.77	0	329
59945	109.7	18.65	0	69
59948	109.58	18.22	0	419
59951	110.33	18.8	0	40
59954	110.03	18.55	0	35
59981	112.33	16.83	0	5
