diamond 3 15年12月31日20时0时效2513站降水
2010 1 1 8 -1 0 0 0 0
1 2417
56790 104.25 25.68 1 1.0 
51369 87.65 43.97 1 1.0 
56097 104.25 33.27 1 1.0 
57413 106.97 30.85 1 1.0 
54871 122.48 36.93 1 1.0 
54778 122.48 37.17 1 1.0 
54092 129.4 44.6 1 1.0 
54080 127.15 44.9 1 1.0 
54076 126.93 44.38 1 1.0 
54284 127.5 42.15 1 1.0 
50985 131.87 45.55 1 1.0 
56835 97.82 24.07 1 1.0 
51243 84.85 45.62 1 1.0 
56786 103.83 25.58 1 1.0 
57313 106.77 31.87 1 1.0 
51365 87.53 44.2 1 1.0 
56756 100.58 25.48 1 1.0 
54766 121.59 37.43 1 1.0 
56836 97.95 24.7 1 1.0 
56862 101.6 24.68 1 1.0 
56691 104.28 26.87 1 1.0 
54171 126.52 43.68 1 1.0 
54777 122.07 37.2 1 1.0 
56839 98.82 23.77 1 1.0 
55655 85.97 28.19 1 1.0 
54371 126.43 41.93 1 1.0 
56843 99.62 24.83 1 1.0 
54755 120.39 37.33 1 1.0 
51357 85.62 44.33 1 1.0 
53817 106.27 36.0 1 1.0 
56751 100.18 25.7 1 1.0 
51367 86.85 44.17 1 1.0 
51232 82.57 45.18 1 1.0 
51334 82.82 44.57 1 1.0 
56840 98.3 24.82 1 1.0 
54776 122.7 37.4 1 1.0 
57520 107.07 29.83 1 1.0 
56842 99.18 24.73 1 1.0 
54774 122.13 37.47 1 1.0 
55437 81.25 30.28 1 1.0 
54765 121.43 37.48 1 1.0 
54764 121.23 37.48 1 1.0 
50727 119.93 47.17 1 1.0 
51379 89.57 44.02 1 1.0 
51358 85.82 44.28 1 1.0 
58823 117.8 26.8 1 1.0 
54172 126.53 43.87 1 1.0 
54279 126.58 42.05 1 1.0 
50949 124.87 45.08 1 1.0 
54102 116.12 43.95 1 1.0 
51368 87.32 44.12 1 1.0 
51353 86.1 45.02 1 1.0 
50968 127.97 45.22 1 1.0 
56739 98.51 24.98 1 1.0 
56838 97.85 24.0 1 1.0 
51352 85.25 44.85 1 1.0 
50960 127.38 45.73 1 1.0 
51346 84.67 44.43 1 1.0 
56745 99.95 25.68 1 1.0 
56782 103.55 25.42 1 1.0 
56883 103.98 24.82 1 1.0 
59981 112.33 16.83 1 1.0 
57324 107.08 31.58 1 1.0 
54276 126.8 42.4 1 1.0 
51378 89.17 44.0 1 1.0 
57609 105.7 28.58 1 1.0 
54374 126.88 41.8 1 1.0 
57604 105.38 28.78 1 1.0 
56693 104.87 26.58 1 1.0 
59851 110.34 19.67 1 1.0 
56595 104.87 27.42 1 1.0 
56596 105.05 27.85 1 1.0 
54363 125.9 41.68 1 1.0 
56598 104.73 27.13 1 1.0 
57800 105.37 26.77 1 1.0 
55294 91.1 32.35 1 1.0 
56496 105.23 28.32 1 1.0 
57708 105.6 27.15 1 1.0 
57707 105.29 27.3 1 1.0 
54362 125.73 41.67 1 1.0 
59856 110.75 19.62 1 1.0 
54186 128.2 43.37 1 1.0 
51133 83.0 46.73 1 1.0 
57805 105.77 26.68 1 1.0 
55664 87.08 28.63 1 1.0 
56586 103.72 27.35 1 1.0 
57608 105.43 28.17 1 1.0 
51238 82.07 44.9 1 1.0 
55228 80.08 32.5 1 1.0 
51431 81.33 43.95 1 1.0 
54483 123.9 40.88 1 1.0 
57807 105.47 26.21 1 1.0 
56018 95.28 32.88 1 1.0 
59951 110.33 18.8 1 1.0 
51433 82.52 43.8 1 1.0 
51434 81.53 43.97 1 1.0 
51437 81.13 43.15 1 1.0 
51186 90.38 46.67 1 1.0 
51288 90.53 45.37 1 1.0 
51053 86.4 48.05 1 1.0 
51060 86.87 47.7 1 1.0 
51087 89.52 46.98 1 1.0 
51145 83.65 46.55 1 1.0 
53981 113.27 35.78 1 1.0 
50525 119.75 49.15 1 1.0 
51430 81.15 43.83 1 1.0 
51436 83.3 43.45 1 1.0 
55773 89.08 27.73 1 1.0 
55690 91.95 27.98 1 1.0 
51241 83.6 45.93 1 1.0 
51329 80.85 44.05 1 1.0 
51068 87.48 47.12 1 1.0 
54493 124.78 40.72 1 1.0 
55248 84.42 32.15 1 1.0 
51435 82.23 43.47 1 1.0 
51058 87.97 47.1 1 1.0 
54494 124.07 40.47 1 1.0 
51482 90.28 43.83 1 1.0 
51328 80.42 44.2 1 1.0 
57811 106.6 26.83 1 1.0 
53976 112.87 35.5 1 1.0 
51438 81.77 43.18 1 1.0 
51059 85.87 47.43 1 1.0 
51076 88.08 47.73 1 1.0 
51137 82.93 46.2 1 1.0 
59021 107.03 24.55 1 1.0 
59640 109.18 21.67 1 1.0 
56394 104.43 29.45 1 1.0 
57829 107.8 26.2 1 1.0 
57844 109.18 26.68 1 1.0 
56491 104.57 28.7 1 1.0 
57308 105.38 31.22 1 1.0 
56181 103.7 30.68 1 1.0 
59626 107.95 21.56 1 1.0 
56272 103.88 30.82 1 1.0 
57813 106.47 26.57 1 1.0 
59246 109.67 23.6 1 1.0 
59047 109.33 24.25 1 1.0 
57956 110.32 25.42 1 1.0 
50958 126.93 45.53 1 1.0 
55696 92.47 28.42 1 1.0 
56188 103.66 31.0 1 1.0 
56498 104.5 28.15 1 1.0 
57809 105.75 26.07 1 1.0 
57808 105.75 26.32 1 1.0 
56106 93.78 31.88 1 1.0 
56390 104.07 29.67 1 1.0 
57543 110.03 29.9 1 1.0 
59218 106.42 23.13 1 1.0 
56016 95.62 33.85 1 1.0 
56033 98.22 34.92 1 1.0 
57208 105.52 32.28 1 1.0 
57502 105.7 29.7 1 1.0 
56497 104.23 28.1 1 1.0 
59031 108.26 24.81 1 1.0 
56533 98.67 27.75 1 1.0 
56986 103.68 22.98 1 1.0 
56499 104.78 28.38 1 1.0 
56021 95.81 34.13 1 1.0 
50854 125.32 46.38 1 1.0 
57507 105.3 29.33 1 1.0 
50954 125.08 45.5 1 1.0 
53906 105.71 35.52 1 1.0 
50867 127.35 46.08 1 1.0 
56196 104.73 31.45 1 1.0 
57002 105.65 34.85 1 1.0 
50950 125.25 45.7 1 1.0 
57407 105.03 30.28 1 1.0 
59041 109.25 24.65 1 1.0 
59027 107.25 24.13 1 1.0 
57949 110.0 24.98 1 1.0 
57603 105.83 28.82 1 1.0 
59209 105.83 23.42 1 1.0 
57915 106.77 26.63 1 1.0 
59441 109.25 22.7 1 1.0 
59023 108.03 24.7 1 1.0 
55299 92.07 31.48 1 1.0 
57405 105.55 30.5 1 1.0 
56195 104.73 31.8 1 1.0 
56278 102.77 30.07 1 1.0 
57948 109.25 25.08 1 1.0 
57954 110.18 25.23 1 1.0 
50758 125.9 47.18 1 1.0 
59034 108.67 24.48 1 1.0 
59057 110.18 24.13 1 1.0 
59421 107.2 22.83 1 1.0 
50514 117.32 49.58 1 1.0 
59215 106.63 23.33 1 1.0 
55493 91.1 30.48 1 1.0 
56045 99.9 33.97 1 1.0 
57926 107.88 25.42 1 1.0 
57816 106.73 26.58 1 1.0 
57947 109.4 25.21 1 1.0 
57859 110.63 26.03 1 1.0 
57401 105.37 30.87 1 1.0 
57614 106.22 28.33 1 1.0 
57837 108.07 26.4 1 1.0 
56312 94.33 29.67 1 1.0 
57303 105.92 31.73 1 1.0 
57910 106.08 25.77 1 1.0 
55591 91.13 29.67 1 1.0 
56295 104.55 30.38 1 1.0 
53908 105.23 35.22 1 1.0 
56190 104.55 31.55 1 1.0 
57941 109.6 25.78 1 1.0 
54072 126.52 44.85 1 1.0 
51465 87.1 43.48 1 1.0 
57408 105.35 30.12 1 1.0 
56194 104.45 31.63 1 1.0 
59025 107.38 24.53 1 1.0 
55279 90.02 31.38 1 1.0 
56396 104.77 29.35 1 1.0 
59757 110.37 20.0 1 1.0 
59235 108.62 23.43 1 1.0 
56004 92.43 34.22 1 1.0 
56198 104.5 31.32 1 1.0 
52633 98.42 38.82 1 1.0 
57257 110.23 32.23 1 1.0 
50755 126.07 47.62 1 1.0 
59632 108.62 21.95 1 1.0 
56187 103.86 30.75 1 1.0 
59037 108.1 23.93 1 1.0 
57007 105.18 34.18 1 1.0 
57238 107.9 32.53 1 1.0 
59022 107.55 24.98 1 1.0 
56592 104.52 28.43 1 1.0 
57028 107.32 34.03 1 1.0 
57908 105.48 25.12 1 1.0 
57914 106.67 26.42 1 1.0 
56189 103.93 30.98 1 1.0 
57216 106.83 32.35 1 1.0 
59038 108.65 24.07 1 1.0 
57814 106.27 26.42 1 1.0 
55569 87.6 29.08 1 1.0 
56046 99.65 33.75 1 1.0 
50946 124.83 45.18 1 1.0 
57902 105.18 25.43 1 1.0 
52645 99.6 38.43 1 1.0 
59033 108.9 24.78 1 1.0 
57900 105.22 25.83 1 1.0 
56227 95.77 29.87 1 1.0 
57211 106.25 32.83 1 1.0 
59044 109.38 24.46 1 1.0 
54065 125.65 44.53 1 1.0 
54386 128.18 41.42 1 1.0 
59058 110.52 24.2 1 1.0 
57840 109.2 26.9 1 1.0 
57806 105.9 26.25 1 1.0 
59644 109.13 21.45 1 1.0 
57517 106.25 29.28 1 1.0 
50858 125.81 46.02 1 1.0 
50955 126.32 45.39 1 1.0 
59446 109.3 22.42 1 1.0 
59227 107.14 23.11 1 1.0 
57304 105.17 31.67 1 1.0 
57506 105.9 29.37 1 1.0 
59631 108.35 21.78 1 1.0 
56298 104.6 30.13 1 1.0 
56494 104.33 28.84 1 1.0 
56490 103.9 28.95 1 1.0 
59249 109.62 23.12 1 1.0 
57927 107.18 24.97 1 1.0 
57411 106.1 30.78 1 1.0 
59658 110.3 21.15 1 1.0 
56043 100.23 34.48 1 1.0 
59045 109.75 24.48 1 1.0 
57512 106.26 29.97 1 1.0 
57912 106.66 26.14 1 1.0 
50772 129.23 48.1 1 1.0 
56492 104.6 28.8 1 1.0 
58049 119.8 34.02 1 1.0 
57818 106.45 26.03 1 1.0 
56287 103.0 29.98 1 1.0 
59635 108.35 21.62 1 1.0 
56641 98.87 26.9 1 1.0 
51330 81.02 44.97 1 1.0 
56582 103.9 27.75 1 1.0 
59046 109.4 24.34 1 1.0 
56386 103.76 29.56 1 1.0 
59750 110.07 20.97 1 1.0 
59241 109.68 23.97 1 1.0 
59242 109.23 23.75 1 1.0 
57828 107.58 26.5 1 1.0 
57008 105.3 34.03 1 1.0 
56593 104.92 28.58 1 1.0 
56389 103.95 29.2 1 1.0 
57600 105.06 28.71 1 1.0 
56038 98.1 32.98 1 1.0 
59012 106.55 24.78 1 1.0 
57922 107.54 25.83 1 1.0 
57505 105.58 29.42 1 1.0 
56393 104.85 29.77 1 1.0 
57643 109.83 29.0 1 1.0 
56296 104.43 30.85 1 1.0 
56575 102.55 27.37 1 1.0 
57655 110.4 28.47 1 1.0 
57127 107.03 33.07 1 1.0 
57720 107.17 27.88 1 1.0 
52998 104.2 35.13 1 1.0 
54939 118.82 35.17 1 1.0 
54843 119.2 36.75 1 1.0 
54841 119.42 36.86 1 1.0 
57541 109.48 30.0 1 1.0 
57773 112.83 27.88 1 1.0 
57669 111.22 28.38 1 1.0 
57835 108.43 26.72 1 1.0 
56109 93.78 31.48 1 1.0 
57426 107.8 30.68 1 1.0 
52996 105.02 35.38 1 1.0 
58529 117.85 29.27 1 1.0 
56152 100.33 32.28 1 1.0 
56485 103.58 28.27 1 1.0 
54940 119.2 35.75 1 1.0 
56571 102.28 27.91 1 1.0 
58021 117.28 34.78 1 1.0 
52866 101.75 36.73 1 1.0 
57299 114.9 32.02 1 1.0 
57193 114.52 33.78 1 1.0 
52855 101.25 36.68 1 1.0 
57754 109.84 27.21 1 1.0 
58236 118.25 32.35 1 1.0 
58102 115.73 33.78 1 1.0 
58221 117.3 32.85 1 1.0 
57590 114.37 29.85 1 1.0 
54725 117.53 37.5 1 1.0 
57402 105.7 30.77 1 1.0 
57096 114.78 34.53 1 1.0 
57396 114.85 31.63 1 1.0 
57766 111.45 27.18 1 1.0 
58450 120.05 30.87 1 1.0 
54248 123.53 42.03 1 1.0 
54330 121.33 41.13 1 1.0 
54338 121.95 41.28 1 1.0 
57771 112.53 27.93 1 1.0 
58502 116.02 29.67 1 1.0 
57445 109.72 30.6 1 1.0 
50445 123.73 50.58 1 1.0 
57192 114.85 33.73 1 1.0 
54563 122.02 39.63 1 1.0 
57719 106.97 27.07 1 1.0 
59478 112.78 22.25 1 1.0 
54920 117.28 35.65 1 1.0 
54908 115.1 35.27 1 1.0 
59278 112.45 23.03 1 1.0 
59316 116.68 23.4 1 1.0 
58569 121.95 29.2 1 1.0 
58665 121.42 28.62 1 1.0 
59254 110.08 23.4 1 1.0 
57099 114.85 34.07 1 1.0 
54861 121.53 36.93 1 1.0 
56746 99.52 25.47 1 1.0 
56755 100.4 25.39 1 1.0 
56757 100.28 25.27 1 1.0 
59087 113.52 23.88 1 1.0 
50434 121.68 50.48 1 1.0 
51463 87.65 43.78 1 1.0 
54825 117.85 36.52 1 1.0 
57623 107.6 28.88 1 1.0 
57248 109.33 32.4 1 1.0 
58004 115.15 34.65 1 1.0 
56643 98.85 25.87 1 1.0 
56849 99.23 24.03 1 1.0 
54169 126.02 43.3 1 1.0 
54837 118.84 36.68 1 1.0 
56128 96.6 31.22 1 1.0 
57741 109.18 27.73 1 1.0 
57635 108.98 28.45 1 1.0 
50937 121.48 45.06 1 1.0 
54254 124.05 42.53 1 1.0 
54325 120.35 41.18 1 1.0 
54569 121.95 39.42 1 1.0 
59229 107.7 23.17 1 1.0 
59451 110.35 22.7 1 1.0 
59477 112.23 22.27 1 1.0 
57647 109.18 28.15 1 1.0 
56478 102.43 28.3 1 1.0 
56173 102.55 32.8 1 1.0 
57309 105.88 30.98 1 1.0 
56185 102.98 32.08 1 1.0 
57317 106.42 31.03 1 1.0 
56781 103.27 25.55 1 1.0 
54831 118.5 36.65 1 1.0 
57516 106.47 29.58 1 1.0 
57439 108.93 30.28 1 1.0 
57760 111.43 27.7 1 1.0 
57513 106.62 29.73 1 1.0 
54802 115.73 36.82 1 1.0 
57688 113.63 28.16 1 1.0 
52869 101.58 36.5 1 1.0 
57006 105.75 34.58 1 1.0 
57841 109.67 26.57 1 1.0 
56186 104.2 31.33 1 1.0 
54814 116.25 36.53 1 1.0 
57582 113.88 29.72 1 1.0 
56584 103.25 27.7 1 1.0 
56674 101.73 26.5 1 1.0 
54846 119.74 36.39 1 1.0 
57349 109.86 31.08 1 1.0 
56074 102.08 34.0 1 1.0 
53343 109.97 41.77 1 1.0 
57091 114.3 34.78 1 1.0 
57458 110.67 30.2 1 1.0 
54826 117.1 36.25 1 1.0 
56473 102.77 28.95 1 1.0 
56585 103.56 27.19 1 1.0 
57942 110.0 25.8 1 1.0 
54660 121.23 38.82 1 1.0 
56459 101.27 27.93 1 1.0 
58210 116.23 32.65 1 1.0 
56288 103.92 30.58 1 1.0 
54842 119.99 36.79 1 1.0 
56664 101.27 26.63 1 1.0 
50646 124.85 48.48 1 1.0 
57699 114.92 28.23 1 1.0 
55598 91.77 29.27 1 1.0 
54810 116.27 36.87 1 1.0 
54260 125.08 42.92 1 1.0 
54274 125.99 42.69 1 1.0 
50564 127.35 49.43 1 1.0 
57333 108.67 31.95 1 1.0 
54716 116.8 37.67 1 1.0 
56378 102.35 29.23 1 1.0 
52908 93.08 35.22 1 1.0 
57518 106.5 29.33 1 1.0 
54304 115.27 40.95 1 1.0 
54437 118.62 39.51 1 1.0 
54439 118.72 40.02 1 1.0 
52856 100.62 36.27 1 1.0 
58027 117.16 34.29 1 1.0 
56280 103.12 30.08 1 1.0 
54731 118.22 37.48 1 1.0 
57955 110.67 25.62 1 1.0 
54333 122.85 41.97 1 1.0 
54335 122.08 41.68 1 1.0 
54342 123.52 41.73 1 1.0 
57832 108.67 26.97 1 1.0 
54827 117.15 36.17 1 1.0 
58235 118.85 32.37 1 1.0 
58245 119.42 32.41 1 1.0 
56580 102.8 27.72 1 1.0 
58140 119.3 33.77 1 1.0 
54623 117.72 39.05 1 1.0 
50136 122.52 52.97 1 1.0 
54204 115.0 42.3 1 1.0 
57749 110.0 27.57 1 1.0 
57320 107.22 31.93 1 1.0 
57362 110.67 31.75 1 1.0 
57437 108.03 30.3 1 1.0 
58002 115.58 34.85 1 1.0 
54347 123.17 41.23 1 1.0 
54455 120.65 40.62 1 1.0 
54471 122.17 40.65 1 1.0 
58520 117.72 29.85 1 1.0 
57637 108.1 28.25 1 1.0 
54819 116.8 36.18 1 1.0 
57307 105.08 31.1 1 1.0 
50655 126.18 48.5 1 1.0 
54918 116.97 35.6 1 1.0 
57718 106.72 27.1 1 1.0 
57094 114.22 34.4 1 1.0 
56443 99.8 28.93 1 1.0 
51701 75.4 40.52 1 1.0 
55597 91.68 29.03 1 1.0 
57646 109.95 28.62 1 1.0 
56374 101.97 30.05 1 1.0 
56081 103.35 34.7 1 1.0 
54853 120.42 36.17 1 1.0 
54855 120.38 36.4 1 1.0 
59663 111.97 21.84 1 1.0 
59473 112.98 22.74 1 1.0 
59271 112.43 23.63 1 1.0 
55472 88.63 30.95 1 1.0 
54718 116.47 37.15 1 1.0 
54816 116.8 36.52 1 1.0 
57177 113.53 33.33 1 1.0 
58806 116.01 26.48 1 1.0 
54807 115.77 36.15 1 1.0 
54815 116.27 36.38 1 1.0 
57237 108.03 32.07 1 1.0 
57420 107.19 30.75 1 1.0 
53378 112.62 41.28 1 1.0 
56125 96.47 32.2 1 1.0 
58118 116.52 33.27 1 1.0 
58214 116.3 32.37 1 1.0 
57128 107.33 33.17 1 1.0 
58109 115.65 33.13 1 1.0 
58437 118.15 30.13 1 1.0 
56594 104.05 27.63 1 1.0 
58011 116.07 34.8 1 1.0 
57736 108.85 27.7 1 1.0 
56151 100.75 32.93 1 1.0 
52842 99.08 36.78 1 1.0 
56487 103.13 28.33 1 1.0 
50442 124.12 50.4 1 1.0 
57339 108.68 30.95 1 1.0 
56095 104.38 34.03 1 1.0 
59285 113.62 23.57 1 1.0 
57612 106.65 29.0 1 1.0 
54115 118.04 43.64 1 1.0 
58030 118.02 34.88 1 1.0 
54823 117.0 36.6 1 1.0 
58025 117.73 34.57 1 1.0 
58022 117.57 34.75 1 1.0 
59457 110.27 22.32 1 1.0 
58423 117.78 30.48 1 1.0 
58015 116.33 34.45 1 1.0 
58202 115.57 32.67 1 1.0 
59449 109.98 22.3 1 1.0 
56479 102.85 28.0 1 1.0 
56395 104.67 29.52 1 1.0 
57508 105.37 29.15 1 1.0 
53481 113.22 40.8 1 1.0 
58032 118.65 34.95 1 1.0 
57390 114.07 31.8 1 1.0 
57729 107.88 27.23 1 1.0 
57387 113.13 31.0 1 1.0 
54744 118.55 37.58 1 1.0 
54822 117.73 36.87 1 1.0 
54622 117.37 38.98 1 1.0 
54714 116.33 37.45 1 1.0 
54737 118.15 37.15 1 1.0 
50632 121.92 48.77 1 1.0 
57425 107.33 30.33 1 1.0 
54728 117.38 37.77 1 1.0 
59238 108.8 23.22 1 1.0 
57658 110.2 28.02 1 1.0 
57913 106.98 26.45 1 1.0 
57960 111.07 25.93 1 1.0 
57438 108.12 29.98 1 1.0 
57514 106.22 29.58 1 1.0 
56475 102.52 28.65 1 1.0 
56273 102.82 30.39 1 1.0 
57633 108.77 28.82 1 1.0 
58606 115.92 28.6 1 1.0 
57245 109.03 32.72 1 1.0 
56065 101.6 34.73 1 1.0 
56578 102.75 27.07 1 1.0 
56291 104.28 30.93 1 1.0 
56652 100.75 26.68 1 1.0 
56764 101.23 25.53 1 1.0 
57290 113.91 32.94 1 1.0 
57772 112.5 27.75 1 1.0 
54835 118.55 36.5 1 1.0 
57634 107.88 28.52 1 1.0 
57522 107.27 29.74 1 1.0 
52974 102.02 35.52 1 1.0 
57137 108.32 33.32 1 1.0 
54517 117.2 39.07 1 1.0 
57740 109.6 27.95 1 1.0 
57911 106.65 26.67 1 1.0 
54927 117.2 35.1 1 1.0 
57596 114.2 29.63 1 1.0 
57671 112.37 28.85 1 1.0 
59059 110.8 24.18 1 1.0 
55681 90.4 28.97 1 1.0 
56331 97.83 29.67 1 1.0 
56317 94.22 29.22 1 1.0 
57666 112.13 28.52 1 1.0 
57853 110.63 26.73 1 1.0 
53959 111.07 35.11 1 1.0 
59470 112.2 22.7 1 1.0 
54821 117.2 37.0 1 1.0 
59280 113.08 23.72 1 1.0 
57769 111.73 27.23 1 1.0 
54243 124.12 42.78 1 1.0 
54331 121.75 41.6 1 1.0 
54470 122.07 41.02 1 1.0 
54526 117.33 39.08 1 1.0 
56092 104.65 35.0 1 1.0 
58012 116.66 34.67 1 1.0 
56257 100.27 30.0 1 1.0 
57415 106.63 30.53 1 1.0 
54568 121.75 39.05 1 1.0 
54575 122.37 39.42 1 1.0 
54590 124.17 39.88 1 1.0 
58104 115.07 33.4 1 1.0 
56182 103.6 32.67 1 1.0 
56649 99.96 26.11 1 1.0 
59322 117.37 23.98 1 1.0 
50673 130.4 48.88 1 1.0 
59290 114.25 23.78 1 1.0 
54916 116.85 35.57 1 1.0 
54921 116.33 35.42 1 1.0 
54912 116.5 35.77 1 1.0 
50137 122.37 53.47 1 1.0 
56841 98.68 24.6 1 1.0 
59075 112.63 24.48 1 1.0 
54723 117.57 37.65 1 1.0 
54922 117.78 35.88 1 1.0 
51377 87.92 44.17 1 1.0 
54475 122.45 40.57 1 1.0 
59317 116.3 23.03 1 1.0 
50349 124.4 51.67 1 1.0 
57584 113.09 29.38 1 1.0 
57803 106.02 27.04 1 1.0 
53272 112.63 42.75 1 1.0 
54535 118.47 39.28 1 1.0 
54615 116.85 38.58 1 1.0 
54616 116.85 38.35 1 1.0 
54644 117.12 38.05 1 1.0 
54263 126.08 42.96 1 1.0 
54273 126.75 42.98 1 1.0 
50788 131.98 47.23 1 1.0 
58343 119.98 31.88 1 1.0 
56851 100.53 25.04 1 1.0 
57737 108.12 27.03 1 1.0 
58148 119.34 33.27 1 1.0 
54904 115.52 35.58 1 1.0 
56084 103.23 34.07 1 1.0 
57503 105.12 29.62 1 1.0 
57734 108.23 27.57 1 1.0 
54832 118.8 36.86 1 1.0 
58407 115.03 30.23 1 1.0 
57903 105.6 25.94 1 1.0 
57294 114.02 32.83 1 1.0 
54244 123.33 42.75 1 1.0 
57989 113.77 25.07 1 1.0 
50873 130.3 46.78 1 1.0 
58242 119.16 32.3 1 1.0 
57494 114.05 30.6 1 1.0 
57189 113.95 33.13 1 1.0 
56376 102.63 29.33 1 1.0 
54528 117.13 39.23 1 1.0 
57186 114.05 33.6 1 1.0 
54662 121.63 38.9 1 1.0 
57095 114.15 34.12 1 1.0 
57098 114.4 34.08 1 1.0 
57105 105.6 33.33 1 1.0 
52986 103.87 35.37 1 1.0 
57825 107.98 26.6 1 1.0 
58003 115.88 34.95 1 1.0 
54712 116.82 37.2 1 1.0 
54907 116.65 34.98 1 1.0 
54833 118.08 36.97 1 1.0 
54012 117.63 44.57 1 1.0 
59485 113.4 22.5 1 1.0 
59088 113.42 24.18 1 1.0 
54245 123.4 42.5 1 1.0 
53276 112.9 42.4 1 1.0 
56645 99.42 26.42 1 1.0 
56844 98.58 24.43 1 1.0 
56854 100.13 24.45 1 1.0 
57190 114.4 33.75 1 1.0 
54165 125.63 43.55 1 1.0 
54181 127.33 43.7 1 1.0 
54267 125.73 42.25 1 1.0 
54539 118.88 39.43 1 1.0 
54624 117.32 38.41 1 1.0 
54628 117.48 38.15 1 1.0 
54713 116.53 37.88 1 1.0 
54285 128.12 42.42 1 1.0 
54266 125.63 42.53 1 1.0 
57767 111.01 27.13 1 1.0 
57889 113.94 26.08 1 1.0 
54717 116.4 37.63 1 1.0 
58006 115.88 34.38 1 1.0 
57482 113.95 30.9 1 1.0 
57355 110.37 31.03 1 1.0 
59417 106.86 22.33 1 1.0 
59476 113.03 22.53 1 1.0 
59255 110.38 23.55 1 1.0 
56385 103.34 29.52 1 1.0 
54305 115.27 41.88 1 1.0 
59454 110.99 22.95 1 1.0 
56670 102.12 26.92 1 1.0 
54844 119.18 36.42 1 1.0 
59320 117.13 23.75 1 1.0 
57297 114.05 32.13 1 1.0 
57545 109.42 29.53 1 1.0 
52968 101.47 35.03 1 1.0 
54943 120.0 35.88 1 1.0 
54530 117.77 39.23 1 1.0 
54736 118.67 37.43 1 1.0 
54911 116.4 35.93 1 1.0 
56444 98.92 28.48 1 1.0 
57739 108.92 27.23 1 1.0 
57409 105.8 30.18 1 1.0 
57492 114.84 30.84 1 1.0 
57554 110.16 29.4 1 1.0 
54910 116.05 35.82 1 1.0 
58404 115.22 30.47 1 1.0 
54722 117.63 37.75 1 1.0 
54925 117.63 35.52 1 1.0 
54724 117.13 37.32 1 1.0 
57493 114.33 30.35 1 1.0 
54909 115.52 35.08 1 1.0 
54336 122.42 41.42 1 1.0 
54337 121.12 41.13 1 1.0 
54453 120.96 40.87 1 1.0 
54486 123.28 40.34 1 1.0 
57388 113.71 31.27 1 1.0 
50953 126.57 45.93 1 1.0 
58306 115.88 31.68 1 1.0 
58020 117.13 34.8 1 1.0 
59312 116.7 23.67 1 1.0 
56289 103.87 30.2 1 1.0 
56279 102.93 30.15 1 1.0 
57417 106.28 30.35 1 1.0 
59469 111.78 22.17 1 1.0 
57416 106.93 30.33 1 1.0 
56147 98.83 31.22 1 1.0 
50884 131.15 46.63 1 1.0 
57768 111.45 27.32 1 1.0 
54906 115.42 35.25 1 1.0 
59093 115.03 24.78 1 1.0 
57491 114.4 30.87 1 1.0 
59448 109.55 22.27 1 1.0 
52745 99.02 37.3 1 1.0 
52754 100.13 37.33 1 1.0 
58427 117.5 30.65 1 1.0 
54824 117.95 36.63 1 1.0 
52955 100.73 35.58 1 1.0 
58417 116.13 30.17 1 1.0 
58428 117.5 30.22 1 1.0 
57126 107.55 33.22 1 1.0 
57273 112.85 32.68 1 1.0 
56034 97.13 33.8 1 1.0 
59288 113.02 23.15 1 1.0 
53917 106.07 35.22 1 1.0 
57606 106.83 28.13 1 1.0 
50674 129.43 48.57 1 1.0 
57834 108.3 26.68 1 1.0 
57731 108.25 27.95 1 1.0 
57510 106.07 29.85 1 1.0 
57642 109.65 28.7 1 1.0 
57976 112.94 25.41 1 1.0 
57717 106.83 27.53 1 1.0 
57674 112.38 28.57 1 1.0 
56671 102.25 26.65 1 1.0 
57004 104.88 34.73 1 1.0 
56091 104.47 34.85 1 1.0 
57358 110.97 30.83 1 1.0 
57822 107.9 26.9 1 1.0 
57129 107.72 32.98 1 1.0 
54584 122.95 39.72 1 1.0 
59051 110.5 24.77 1 1.0 
56082 103.5 34.58 1 1.0 
57723 107.72 27.98 1 1.0 
58008 115.33 34.47 1 1.0 
56171 101.7 32.9 1 1.0 
57343 109.53 31.9 1 1.0 
57395 114.12 31.57 1 1.0 
58017 116.13 34.25 1 1.0 
54938 118.4 35.05 1 1.0 
57326 107.72 31.37 1 1.0 
57776 112.69 27.3 1 1.0 
50566 128.47 49.55 1 1.0 
57011 106.15 34.75 1 1.0 
52875 102.1 36.5 1 1.0 
57509 106.92 28.99 1 1.0 
58431 118.32 30.9 1 1.0 
57271 112.38 32.52 1 1.0 
57758 110.6 27.03 1 1.0 
57762 111.7 27.69 1 1.0 
57752 110.6 27.92 1 1.0 
59270 112.18 23.92 1 1.0 
57399 114.95 31.13 1 1.0 
58432 118.4 30.68 1 1.0 
58438 118.58 30.08 1 1.0 
57247 108.9 32.32 1 1.0 
54932 118.65 35.77 1 1.0 
57348 109.53 31.02 1 1.0 
58408 115.43 30.23 1 1.0 
59419 106.74 22.06 1 1.0 
56281 103.5 30.18 1 1.0 
54857 120.33 36.07 1 1.0 
58034 118.32 34.6 1 1.0 
54738 118.4 37.05 1 1.0 
57314 106.07 31.35 1 1.0 
57093 114.82 34.85 1 1.0 
57964 111.15 25.5 1 1.0 
59082 113.6 24.67 1 1.0 
59129 117.6 24.13 1 1.0 
50659 126.25 48.03 1 1.0 
52985 103.33 35.42 1 1.0 
57735 108.82 27.18 1 1.0 
52981 103.38 35.68 1 1.0 
54348 123.37 41.41 1 1.0 
54454 120.3 40.33 1 1.0 
54497 124.33 40.05 1 1.0 
59653 110.85 21.93 1 1.0 
59314 116.13 23.3 1 1.0 
54619 116.92 38.92 1 1.0 
50468 127.45 50.25 1 1.0 
56462 101.5 29.0 1 1.0 
54579 122.58 39.27 1 1.0 
57328 107.51 31.21 1 1.0 
56654 100.18 26.58 1 1.0 
59127 117.83 24.43 1 1.0 
59321 117.5 23.78 1 1.0 
57298 114.55 32.22 1 1.0 
59071 112.28 24.73 1 1.0 
57198 114.57 33.5 1 1.0 
51705 75.25 39.72 1 1.0 
56748 99.18 25.12 1 1.0 
57385 113.82 31.62 1 1.0 
58246 119.99 32.56 1 1.0 
51356 86.05 44.32 1 1.0 
58366 121.49 31.67 1 1.0 
59134 118.07 24.48 1 1.0 
58036 118.71 34.54 1 1.0 
58047 119.24 34.26 1 1.0 
58048 119.35 34.12 1 1.0 
58252 119.47 32.18 1 1.0 
58351 120.3 31.9 1 1.0 
56480 103.53 28.82 1 1.0 
57232 108.27 33.05 1 1.0 
57197 114.35 32.97 1 1.0 
57185 113.58 33.45 1 1.0 
56223 95.83 30.75 1 1.0 
59289 113.73 22.97 1 1.0 
58507 115.12 29.25 1 1.0 
57598 114.58 29.03 1 1.0 
58024 117.58 34.87 1 1.0 
54808 115.63 36.23 1 1.0 
56399 104.98 29.18 1 1.0 
57242 109.37 32.85 1 1.0 
54349 124.13 41.3 1 1.0 
50353 126.63 51.73 1 1.0 
57589 113.87 29.27 1 1.0 
58112 116.45 30.73 1 1.0 
58419 117.02 30.1 1 1.0 
58435 118.53 30.3 1 1.0 
56029 96.96 33.0 1 1.0 
57663 111.95 28.92 1 1.0 
52984 103.18 35.58 1 1.0 
59315 116.4 23.59 1 1.0 
59488 113.57 22.28 1 1.0 
57821 107.5 26.7 1 1.0 
56071 102.5 34.59 1 1.0 
57090 113.97 34.72 1 1.0 
58205 115.43 32.47 1 1.0 
57295 114.35 32.62 1 1.0 
56742 99.37 25.9 1 1.0 
57585 113.45 29.48 1 1.0 
54849 120.03 36.22 1 1.0 
57586 114.03 29.53 1 1.0 
57083 113.65 34.72 1 1.0 
57188 114.03 33.37 1 1.0 
53352 110.43 41.7 1 1.0 
54848 119.42 35.98 1 1.0 
54730 118.14 37.69 1 1.0 
54729 117.87 37.17 1 1.0 
54829 117.87 36.77 1 1.0 
56543 99.7 27.83 1 1.0 
56548 99.28 27.17 1 1.0 
59065 111.5 24.42 1 1.0 
58543 119.02 29.62 1 1.0 
57278 112.08 32.0 1 1.0 
53998 114.65 35.2 1 1.0 
54324 120.43 41.55 1 1.0 
58224 117.02 32.65 1 1.0 
58436 118.98 30.62 1 1.0 
58534 118.18 29.78 1 1.0 
57842 109.72 26.88 1 1.0 
57712 106.95 27.73 1 1.0 
59324 117.03 23.43 1 1.0 
57923 107.87 25.98 1 1.0 
56276 103.82 30.45 1 1.0 
59318 116.58 23.27 1 1.0 
57744 109.17 27.37 1 1.0 
58441 119.42 30.87 1 1.0 
54340 123.32 41.67 1 1.0 
58409 115.93 30.1 1 1.0 
58421 117.87 30.63 1 1.0 
52993 105.07 35.68 1 1.0 
54905 115.93 35.58 1 1.0 
52972 102.45 35.85 1 1.0 
58007 115.3 34.07 1 1.0 
57742 109.2 27.52 1 1.0 
57432 108.4 30.77 1 1.0 
50656 126.5 48.25 1 1.0 
50774 128.83 47.7 1 1.0 
56391 103.82 30.08 1 1.0 
57481 113.57 30.95 1 1.0 
56441 99.28 28.72 1 1.0 
57732 108.4 28.02 1 1.0 
57329 107.85 31.1 1 1.0 
57994 114.35 25.4 1 1.0 
59480 113.25 22.85 1 1.0 
57389 113.75 31.03 1 1.0 
58207 115.05 32.17 1 1.0 
58111 116.45 33.97 1 1.0 
56569 102.18 27.42 1 1.0 
54715 116.52 37.31 1 1.0 
54208 116.47 42.19 1 1.0 
53397 113.98 41.1 1 1.0 
53399 114.7 41.15 1 1.0 
54919 116.98 35.38 1 1.0 
58208 115.62 32.17 1 1.0 
54627 117.23 38.03 1 1.0 
57296 114.73 32.35 1 1.0 
52874 102.41 36.49 1 1.0 
58026 118.02 34.39 1 1.0 
54187 128.92 43.12 1 1.0 
57827 107.53 26.32 1 1.0 
50431 121.52 50.78 1 1.0 
58446 119.7 30.63 1 1.0 
57583 113.97 29.92 1 1.0 
56846 99.93 24.58 1 1.0 
56946 99.4 23.55 1 1.0 
54863 121.18 36.78 1 1.0 
54732 118.52 37.87 1 1.0 
54205 116.0 42.23 1 1.0 
54734 118.0 37.36 1 1.0 
58044 119.23 34.55 1 1.0 
57780 113.17 27.87 1 1.0 
57679 112.79 28.11 1 1.0 
54805 115.47 36.45 1 1.0 
54811 116.62 36.93 1 1.0 
54828 117.68 36.23 1 1.0 
52988 103.72 35.37 1 1.0 
53483 113.83 40.87 1 1.0 
54812 116.75 36.78 1 1.0 
54377 126.22 41.15 1 1.0 
59266 111.23 23.42 1 1.0 
58212 116.77 32.72 1 1.0 
54753 120.34 37.64 1 1.0 
58116 116.83 33.98 1 1.0 
57431 108.35 30.83 1 1.0 
58601 115.38 28.7 1 1.0 
57233 108.5 32.9 1 1.0 
58605 115.38 28.42 1 1.0 
54751 120.73 37.94 1 1.0 
58225 117.67 32.53 1 1.0 
52863 101.95 36.82 1 1.0 
57191 114.47 34.51 1 1.0 
59319 116.83 23.43 1 1.0 
57183 113.92 33.8 1 1.0 
57001 105.33 34.75 1 1.0 
57293 114.98 32.73 1 1.0 
59279 112.87 23.18 1 1.0 
57523 107.73 29.85 1 1.0 
54706 115.67 37.08 1 1.0 
54801 115.48 36.85 1 1.0 
57012 106.2 34.98 1 1.0 
50892 134.0 46.8 1 1.0 
54259 124.87 42.07 1 1.0 
54345 123.07 41.2 1 1.0 
54346 123.78 41.32 1 1.0 
58101 115.48 33.87 1 1.0 
58013 116.91 34.75 1 1.0 
58249 120.05 32.16 1 1.0 
54903 115.48 35.85 1 1.0 
54351 124.08 41.92 1 1.0 
58251 120.28 32.85 1 1.0 
50247 123.57 52.03 1 1.0 
57499 114.88 30.07 1 1.0 
58301 115.38 31.82 1 1.0 
50425 120.18 50.25 1 1.0 
57988 113.35 25.11 1 1.0 
56651 100.22 26.85 1 1.0 
53367 111.23 41.32 1 1.0 
57196 114.87 33.47 1 1.0 
58244 119.59 32.45 1 1.0 
58247 119.8 32.27 1 1.0 
57544 109.45 29.47 1 1.0 
58113 116.75 33.93 1 1.0 
58114 116.18 33.48 1 1.0 
58531 118.28 29.72 1 1.0 
59284 113.24 23.42 1 1.0 
53997 114.18 35.15 1 1.0 
57179 113.0 33.28 1 1.0 
54709 116.07 37.23 1 1.0 
57496 114.87 30.37 1 1.0 
57761 111.3 27.75 1 1.0 
57774 112.17 27.45 1 1.0 
56342 98.6 29.68 1 1.0 
54334 121.25 41.52 1 1.0 
54339 123.0 41.08 1 1.0 
57763 112.0 27.68 1 1.0 
57957 110.3 25.32 1 1.0 
57710 106.4 27.8 1 1.0 
54818 116.42 36.25 1 1.0 
57511 106.45 29.85 1 1.0 
57682 113.57 28.71 1 1.0 
57846 110.15 26.58 1 1.0 
56493 104.97 28.85 1 1.0 
57315 106.4 31.53 1 1.0 
57495 114.88 30.67 1 1.0 
57845 109.79 26.17 1 1.0 
57519 107.11 29.16 1 1.0 
56093 104.02 34.43 1 1.0 
59475 112.65 22.4 1 1.0 
57640 109.45 28.58 1 1.0 
57414 106.45 30.52 1 1.0 
57345 109.62 31.4 1 1.0 
56665 101.85 26.68 1 1.0 
57231 108.53 32.53 1 1.0 
59310 116.18 23.77 1 1.0 
54752 120.77 37.8 1 1.0 
54834 118.28 36.87 1 1.0 
57978 112.55 25.27 1 1.0 
57636 108.5 28.57 1 1.0 
53289 113.83 42.23 1 1.0 
57595 114.5 29.6 1 1.0 
57932 108.53 25.97 1 1.0 
57306 105.97 31.58 1 1.0 
58005 115.54 34.44 1 1.0 
54529 117.82 39.35 1 1.0 
50983 132.96 45.77 1 1.0 
54527 117.05 39.08 1 1.0 
57194 114.27 33.28 1 1.0 
57398 114.62 31.28 1 1.0 
54852 120.73 36.97 1 1.0 
59061 111.27 24.82 1 1.0 
58222 117.55 32.85 1 1.0 
58523 117.93 29.93 1 1.0 
54929 117.97 35.27 1 1.0 
54914 116.08 35.42 1 1.0 
50246 124.72 52.35 1 1.0 
58323 117.47 31.88 1 1.0 
54935 118.43 35.53 1 1.0 
54851 120.56 36.9 1 1.0 
56483 103.95 28.58 1 1.0 
57089 113.93 34.07 1 1.0 
57184 113.3 33.63 1 1.0 
57673 112.89 28.69 1 1.0 
57292 114.63 32.97 1 1.0 
52957 100.6 35.25 1 1.0 
54806 115.97 36.42 1 1.0 
57713 106.88 27.7 1 1.0 
59064 111.32 24.55 1 1.0 
54803 116.02 36.98 1 1.0 
57195 114.62 33.62 1 1.0 
57678 112.55 28.25 1 1.0 
57743 109.8 27.88 1 1.0 
56285 103.52 30.6 1 1.0 
56284 103.43 30.45 1 1.0 
57113 106.55 33.93 1 1.0 
56096 104.92 33.4 1 1.0 
59487 113.3 22.23 1 1.0 
56067 101.48 33.43 1 1.0 
57824 107.23 26.58 1 1.0 
57447 109.47 30.28 1 1.0 
50775 130.2 47.34 1 1.0 
57014 105.87 34.57 1 1.0 
54353 125.05 41.73 1 1.0 
54365 125.35 41.28 1 1.0 
57558 110.47 29.13 1 1.0 
54472 122.72 40.88 1 1.0 
59230 108.17 23.72 1 1.0 
56434 97.47 28.65 1 1.0 
56290 104.18 30.78 1 1.0 
57498 114.94 30.52 1 1.0 
54332 122.72 41.52 1 1.0 
53384 113.18 41.45 1 1.0 
57182 113.52 33.85 1 1.0 
57318 106.55 31.07 1 1.0 
56646 99.92 26.53 1 1.0 
56768 101.55 25.03 1 1.0 
53391 114.0 41.9 1 1.0 
53362 111.68 41.53 1 1.0 
54618 116.55 38.08 1 1.0 
54707 115.98 37.35 1 1.0 
59081 113.29 24.78 1 1.0 
59265 111.3 23.48 1 1.0 
54726 117.18 37.7 1 1.0 
57722 107.47 27.77 1 1.0 
56856 100.87 24.47 1 1.0 
56951 100.08 23.88 1 1.0 
57187 112.93 33.07 1 1.0 
54727 117.55 36.68 1 1.0 
56994 104.28 23.33 1 1.0 
59228 107.58 23.32 1 1.0 
54917 116.32 35.13 1 1.0 
58040 119.13 34.86 1 1.0 
58255 120.57 32.37 1 1.0 
58237 118.59 32.07 1 1.0 
58265 121.6 32.07 1 1.0 
58341 119.59 31.98 1 1.0 
58117 116.2 33.13 1 1.0 
58426 118.13 30.3 1 1.0 
58314 116.32 31.4 1 1.0 
54749 119.95 37.18 1 1.0 
52982 103.55 35.48 1 1.0 
56080 102.9 35.0 1 1.0 
57839 109.15 26.23 1 1.0 
58512 116.55 29.9 1 1.0 
57657 110.21 28.23 1 1.0 
58530 118.43 29.87 1 1.0 
54261 125.47 42.67 1 1.0 
54915 116.6 35.43 1 1.0 
57625 107.45 28.55 1 1.0 
54474 122.35 40.42 1 1.0 
54476 122.14 40.17 1 1.0 
54565 121.47 39.6 1 1.0 
57649 109.68 28.24 1 1.0 
57745 109.68 27.45 1 1.0 
57680 113.11 28.86 1 1.0 
57738 108.42 27.05 1 1.0 
59453 110.12 22.67 1 1.0 
57249 109.68 32.32 1 1.0 
56184 103.17 31.43 1 1.0 
54817 115.87 35.98 1 1.0 
57338 108.42 31.18 1 1.0 
57728 107.47 27.07 1 1.0 
52978 102.49 35.19 1 1.0 
58506 115.98 29.57 1 1.0 
54923 117.93 35.72 1 1.0 
56079 102.97 33.58 1 1.0 
56666 101.72 26.58 1 1.0 
57540 109.15 29.68 1 1.0 
54830 117.93 36.82 1 1.0 
57907 104.9 25.08 1 1.0 
58500 115.2 29.85 1 1.0 
57386 114.0 31.25 1 1.0 
54836 118.17 36.18 1 1.0 
57867 111.28 26.4 1 1.0 
56164 100.98 32.27 1 1.0 
50776 130.83 47.57 1 1.0 
50778 132.53 47.67 1 1.0 
50779 134.28 48.37 1 1.0 
50971 131.02 45.77 1 1.0 
51470 88.12 43.88 1 1.0 
51581 90.23 42.85 1 1.0 
52657 100.25 38.18 1 1.0 
52674 101.97 38.23 1 1.0 
52679 102.67 37.92 1 1.0 
52737 97.38 37.37 1 1.0 
52765 101.62 37.38 1 1.0 
52784 102.9 37.47 1 1.0 
52787 102.87 37.2 1 1.0 
52797 104.05 37.18 1 1.0 
52853 100.98 36.9 1 1.0 
52862 101.68 36.95 1 1.0 
52868 101.37 36.02 1 1.0 
52877 102.25 36.1 1 1.0 
52881 103.18 36.98 1 1.0 
52895 104.68 36.57 1 1.0 
52896 104.15 36.55 1 1.0 
52943 99.98 35.58 1 1.0 
53707 105.25 36.93 1 1.0 
53806 105.65 36.57 1 1.0 
53810 105.9 36.97 1 1.0 
53903 105.72 35.97 1 1.0 
53910 106.2 35.67 1 1.0 
53914 106.12 35.62 1 1.0 
53915 106.67 35.55 1 1.0 
53916 106.32 35.5 1 1.0 
53923 107.63 35.73 1 1.0 
53924 107.62 35.07 1 1.0 
53925 107.18 35.68 1 1.0 
53926 107.35 35.35 1 1.0 
53927 106.62 35.2 1 1.0 
53929 107.8 35.2 1 1.0 
53947 109.07 35.08 1 1.0 
54094 129.67 44.5 1 1.0 
54192 130.27 43.7 1 1.0 
54286 129.0 42.53 1 1.0 
54292 129.5 42.87 1 1.0 
54759 120.85 37.32 1 1.0 
54936 118.83 35.57 1 1.0 
54945 119.55 35.47 1 1.0 
56144 98.58 31.8 1 1.0 
56146 100.0 31.62 1 1.0 
56158 100.67 31.4 1 1.0 
56167 101.12 30.98 1 1.0 
56168 102.07 31.48 1 1.0 
56172 102.23 31.9 1 1.0 
56178 102.36 31.0 1 1.0 
56192 104.67 32.95 1 1.0 
56197 104.17 31.15 1 1.0 
56251 100.32 30.93 1 1.0 
56263 101.88 30.88 1 1.0 
56382 103.55 29.75 1 1.0 
56387 103.27 29.23 1 1.0 
56489 103.63 28.23 1 1.0 
56792 104.97 25.78 1 1.0 
56793 104.47 25.71 1 1.0 
56891 104.32 24.98 1 1.0 
57039 108.88 34.08 1 1.0 
57043 109.97 34.8 1 1.0 
57044 109.23 34.4 1 1.0 
57046 110.08 34.48 1 1.0 
57047 109.32 34.17 1 1.0 
57048 108.72 34.4 1 1.0 
57054 110.23 34.55 1 1.0 
57055 110.13 34.59 1 1.0 
57057 110.15 34.1 1 1.0 
57067 111.07 34.08 1 1.0 
57077 111.65 33.78 1 1.0 
57106 106.15 33.32 1 1.0 
57119 106.7 33.17 1 1.0 
57124 106.93 33.63 1 1.0 
57131 108.97 34.43 1 1.0 
57134 107.98 33.52 1 1.0 
57140 109.12 33.67 1 1.0 
57143 109.97 33.87 1 1.0 
57144 109.15 33.43 1 1.0 
57153 110.33 33.7 1 1.0 
57154 110.9 33.53 1 1.0 
57155 109.87 33.55 1 1.0 
57156 111.5 33.3 1 1.0 
57213 106.93 33.0 1 1.0 
57251 110.42 33.0 1 1.0 
57253 110.82 32.85 1 1.0 
57254 110.12 32.82 1 1.0 
57256 110.78 32.65 1 1.0 
57259 110.77 32.03 1 1.0 
57260 111.52 32.57 1 1.0 
57261 111.52 33.12 1 1.0 
57268 111.62 32.27 1 1.0 
57359 110.73 31.35 1 1.0 
57361 111.27 31.88 1 1.0 
57368 111.63 31.05 1 1.0 
57370 112.22 31.73 1 1.0 
57377 112.22 31.0 1 1.0 
57378 112.57 31.17 1 1.0 
57381 113.34 31.62 1 1.0 
57453 111.32 30.77 1 1.0 
57460 111.78 30.82 1 1.0 
57461 111.36 30.74 1 1.0 
57462 111.08 30.87 1 1.0 
57464 111.18 30.47 1 1.0 
57465 111.45 30.38 1 1.0 
57466 111.75 30.43 1 1.0 
57469 111.77 30.18 1 1.0 
57475 112.9 30.4 1 1.0 
57476 112.15 30.35 1 1.0 
57477 112.22 30.07 1 1.0 
57483 113.13 30.67 1 1.0 
57484 112.55 30.74 1 1.0 
57485 113.47 30.28 1 1.0 
57486 113.85 30.65 1 1.0 
57489 114.01 30.52 1 1.0 
57525 107.75 29.32 1 1.0 
57536 108.76 29.52 1 1.0 
57537 108.17 29.3 1 1.0 
57562 111.36 29.58 1 1.0 
57564 111.13 29.43 1 1.0 
57565 111.73 29.67 1 1.0 
57566 111.65 29.45 1 1.0 
57571 112.4 29.7 1 1.0 
57573 112.9 29.83 1 1.0 
57574 112.4 29.37 1 1.0 
57575 112.55 29.52 1 1.0 
57577 112.17 29.4 1 1.0 
57581 113.45 29.81 1 1.0 
57605 105.82 28.03 1 1.0 
57661 111.48 28.92 1 1.0 
57662 111.68 29.12 1 1.0 
57694 114.38 28.53 1 1.0 
57696 114.78 28.4 1 1.0 
57698 114.45 28.12 1 1.0 
57777 112.87 27.23 1 1.0 
57778 112.95 27.09 1 1.0 
57779 113.35 27.0 1 1.0 
57781 113.5 27.65 1 1.0 
57783 113.82 27.88 1 1.0 
57786 113.85 27.63 1 1.0 
57789 113.95 27.13 1 1.0 
57792 114.68 27.82 1 1.0 
57793 114.38 27.8 1 1.0 
57794 114.02 27.63 1 1.0 
57796 114.88 27.83 1 1.0 
57798 114.6 27.4 1 1.0 
57799 114.92 27.05 1 1.0 
57851 110.83 26.46 1 1.0 
57857 110.32 26.37 1 1.0 
57860 111.28 27.0 1 1.0 
57865 111.62 26.5 1 1.0 
57866 111.62 26.23 1 1.0 
57868 111.86 26.59 1 1.0 
57870 112.1 26.8 1 1.0 
57871 112.37 26.98 1 1.0 
57872 112.6 26.9 1 1.0 
57874 112.39 26.41 1 1.0 
57875 112.68 26.75 1 1.0 
57876 112.83 26.43 1 1.0 
57881 113.25 26.72 1 1.0 
57882 113.55 26.79 1 1.0 
57883 114.28 26.75 1 1.0 
57886 113.8 26.48 1 1.0 
57887 113.12 26.12 1 1.0 
57891 114.25 26.93 1 1.0 
57894 114.17 26.58 1 1.0 
57895 114.78 26.47 1 1.0 
57896 114.5 26.33 1 1.0 
57899 114.92 26.8 1 1.0 
57905 105.61 25.4 1 1.0 
57906 106.08 25.18 1 1.0 
57909 105.82 24.98 1 1.0 
57916 106.77 25.43 1 1.0 
57921 107.34 25.85 1 1.0 
57936 108.91 25.76 1 1.0 
57958 110.32 25.08 1 1.0 
57962 111.65 25.97 1 1.0 
57965 111.6 25.53 1 1.0 
57966 111.96 25.59 1 1.0 
57969 111.31 25.28 1 1.0 
57971 112.2 25.92 1 1.0 
57972 113.03 25.8 1 1.0 
57973 112.72 25.75 1 1.0 
57974 112.37 25.58 1 1.0 
57975 112.2 25.38 1 1.0 
57981 113.22 25.97 1 1.0 
57985 113.68 25.57 1 1.0 
57990 114.3 25.7 1 1.0 
57991 114.55 25.8 1 1.0 
57992 114.75 25.67 1 1.0 
57995 114.93 25.4 1 1.0 
57996 114.25 25.08 1 1.0 
58145 119.15 33.5 1 1.0 
58215 116.78 32.43 1 1.0 
58220 117.15 32.47 1 1.0 
58230 118.28 32.12 1 1.0 
58234 118.42 32.47 1 1.0 
58238 118.9 31.93 1 1.0 
58240 119.02 32.68 1 1.0 
58241 119.45 32.79 1 1.0 
58254 120.45 32.52 1 1.0 
58257 120.26 31.99 1 1.0 
58259 120.98 32.08 1 1.0 
58264 121.18 32.33 1 1.0 
58268 121.08 32.1 1 1.0 
58269 121.65 31.78 1 1.0 
58311 116.5 31.73 1 1.0 
58316 116.92 31.47 1 1.0 
58319 116.95 31.07 1 1.0 
58320 117.13 31.73 1 1.0 
58321 117.3 31.78 1 1.0 
58326 117.83 31.58 1 1.0 
58327 117.28 31.27 1 1.0 
58329 117.87 31.33 1 1.0 
58330 118.08 31.75 1 1.0 
58331 118.37 31.73 1 1.0 
58335 118.52 31.57 1 1.0 
58336 118.57 31.7 1 1.0 
58337 118.18 31.08 1 1.0 
58338 118.6 31.12 1 1.0 
58339 118.9 31.33 1 1.0 
58340 119.03 31.66 1 1.0 
58342 119.55 31.72 1 1.0 
58344 119.2 31.96 1 1.0 
58345 119.5 31.43 1 1.0 
58346 119.81 31.34 1 1.0 
58349 120.56 31.41 1 1.0 
58352 120.77 31.65 1 1.0 
58353 120.57 31.86 1 1.0 
58354 120.35 31.62 1 1.0 
58356 121.0 31.4 1 1.0 
58358 120.43 31.07 1 1.0 
58359 120.62 31.13 1 1.0 
58360 121.2 31.92 1 1.0 
58361 121.37 31.1 1 1.0 
58362 121.45 31.4 1 1.0 
58365 121.25 31.37 1 1.0 
58367 121.43 31.2 1 1.0 
58369 121.78 31.05 1 1.0 
58370 121.53 31.23 1 1.0 
58377 121.11 31.51 1 1.0 
58401 115.4 30.75 1 1.0 
58402 115.68 30.74 1 1.0 
58414 116.32 30.43 1 1.0 
58415 116.55 30.67 1 1.0 
58416 116.82 30.75 1 1.0 
58418 116.67 30.13 1 1.0 
58420 117.23 30.72 1 1.0 
58424 116.97 30.62 1 1.0 
58429 117.85 30.98 1 1.0 
58433 118.75 30.93 1 1.0 
58442 119.18 31.17 1 1.0 
58443 119.89 31.02 1 1.0 
58448 119.7 30.22 1 1.0 
58449 119.95 30.05 1 1.0 
58451 120.93 30.83 1 1.0 
58452 120.77 30.73 1 1.0 
58453 120.5 30.07 1 1.0 
58454 119.98 30.53 1 1.0 
58455 120.65 30.52 1 1.0 
58456 120.52 30.63 1 1.0 
58457 120.17 30.23 1 1.0 
58458 120.9 30.54 1 1.0 
58459 120.29 30.19 1 1.0 
58460 121.35 30.73 1 1.0 
58461 121.12 31.13 1 1.0 
58462 121.23 31.03 1 1.0 
58463 121.5 30.88 1 1.0 
58464 121.12 30.65 1 1.0 
58467 121.27 30.2 1 1.0 
58468 121.17 30.05 1 1.0 
58472 122.45 30.73 1 1.0 
58477 122.1 30.03 1 1.0 
58501 115.63 29.92 1 1.0 
58503 115.67 29.7 1 1.0 
58505 115.9 29.62 1 1.0 
58508 115.77 29.33 1 1.0 
58509 115.82 29.05 1 1.0 
58510 116.23 29.73 1 1.0 
58514 116.05 29.45 1 1.0 
58517 116.2 29.27 1 1.0 
58519 116.68 29.0 1 1.0 
58524 117.22 29.37 1 1.0 
58527 117.2 29.3 1 1.0 
58537 118.4 29.13 1 1.0 
58542 119.68 29.82 1 1.0 
58544 119.27 29.48 1 1.0 
58546 119.88 29.47 1 1.0 
58547 119.18 29.03 1 1.0 
58548 119.47 29.22 1 1.0 
58549 119.65 29.12 1 1.0 
58550 120.25 29.7 1 1.0 
58553 120.82 30.05 1 1.0 
58555 120.88 29.52 1 1.0 
58556 120.82 29.6 1 1.0 
58557 120.08 29.33 1 1.0 
58558 120.22 29.27 1 1.0 
58559 120.97 29.15 1 1.0 
58560 120.43 29.05 1 1.0 
58561 121.6 29.98 1 1.0 
58562 121.55 29.78 1 1.0 
58563 121.83 29.88 1 1.0 
58565 121.39 29.69 1 1.0 
58567 121.43 29.32 1 1.0 
58600 115.37 28.87 1 1.0 
58602 115.55 28.85 1 1.0 
58607 115.95 28.55 1 1.0 
58608 115.55 28.07 1 1.0 
58609 115.82 28.22 1 1.0 
58612 116.68 28.7 1 1.0 
58614 116.27 28.38 1 1.0 
58615 117.08 28.68 1 1.0 
58616 116.82 28.2 1 1.0 
58618 116.6 28.27 1 1.0 
58619 116.37 28.0 1 1.0 
58620 117.1 29.02 1 1.0 
58622 117.58 28.95 1 1.0 
58623 117.92 28.47 1 1.0 
58624 117.43 28.4 1 1.0 
58625 117.6 28.42 1 1.0 
58626 117.23 28.3 1 1.0 
58627 117.06 28.31 1 1.0 
58629 117.71 28.29 1 1.0 
58631 118.5 28.9 1 1.0 
58632 118.6 28.72 1 1.0 
58633 118.9 29.0 1 1.0 
58634 118.25 28.68 1 1.0 
58635 118.2 28.43 1 1.0 
58637 117.98 28.45 1 1.0 
58642 119.8 28.88 1 1.0 
58643 120.03 28.9 1 1.0 
58644 119.28 28.6 1 1.0 
58646 119.93 28.46 1 1.0 
58652 120.72 28.87 1 1.0 
58654 120.08 28.67 1 1.0 
58657 120.28 28.15 1 1.0 
58658 120.68 28.15 1 1.0 
58660 121.2 28.87 1 1.0 
58693 115.83 28.7 1 1.0 
58701 115.4 27.77 1 1.0 
58704 115.35 27.58 1 1.0 
58705 115.42 27.33 1 1.0 
58706 115.83 27.43 1 1.0 
58707 115.13 27.22 1 1.0 
58710 116.05 27.77 1 1.0 
58712 116.78 27.92 1 1.0 
58713 117.07 27.72 1 1.0 
58714 116.23 27.55 1 1.0 
58715 116.65 27.58 1 1.0 
58718 116.53 27.22 1 1.0 
58719 116.93 27.3 1 1.0 
58724 117.32 27.53 1 1.0 
58736 118.82 27.38 1 1.0 
58742 119.56 28.11 1 1.0 
58744 119.42 27.45 1 1.0 
58750 120.08 27.78 1 1.0 
58804 115.35 26.35 1 1.0 
58813 116.33 26.85 1 1.0 
58826 117.8 26.4 1 1.0 
58839 118.85 26.23 1 1.0 
58846 119.52 26.67 1 1.0 
58906 115.8 25.6 1 1.0 
58917 116.1 25.08 1 1.0 
58923 117.83 25.7 1 1.0 
58934 118.27 25.33 1 1.0 
59001 105.33 24.78 1 1.0 
59004 105.1 24.5 1 1.0 
59007 105.07 24.07 1 1.0 
59015 106.57 24.35 1 1.0 
59017 106.27 24.27 1 1.0 
59052 110.82 24.83 1 1.0 
59053 110.64 24.65 1 1.0 
59055 110.4 24.5 1 1.0 
59063 111.45 25.18 1 1.0 
59072 112.37 24.8 1 1.0 
59074 112.15 24.57 1 1.0 
59090 114.07 24.95 1 1.0 
59091 114.52 24.75 1 1.0 
59092 114.82 24.92 1 1.0 
59094 114.12 24.35 1 1.0 
59096 114.48 24.37 1 1.0 
59097 114.2 24.05 1 1.0 
59133 118.92 24.9 1 1.0 
59137 118.57 24.82 1 1.0 
59211 106.6 23.9 1 1.0 
59213 106.92 23.73 1 1.0 
59224 107.12 23.6 1 1.0 
59237 108.28 23.17 1 1.0 
59256 110.9 23.37 1 1.0 
59264 111.5 23.4 1 1.0 
59287 113.48 23.22 1 1.0 
59425 107.35 22.4 1 1.0 
59426 107.92 22.61 1 1.0 
59427 107.07 22.12 1 1.0 
59429 108.01 22.18 1 1.0 
59431 108.22 22.63 1 1.0 
59432 108.4 22.8 1 1.0 
59435 108.48 22.77 1 1.0 
59452 110.53 22.83 1 1.0 
59481 113.32 22.94 1 1.0 
59650 110.25 21.4 1 1.0 
59656 110.82 21.4 1 1.0 
59948 109.59 18.22 1 1.0 
51156 85.75 46.82 1 1.0 
52101 93.05 43.6 1 1.0 
52313 94.67 41.53 1 1.0 
53821 107.3 36.57 1 1.0 
53928 107.02 35.3 1 1.0 
56373 102.85 29.78 1 1.0 
56380 103.35 29.88 1 1.0 
56381 103.5 30.07 1 1.0 
56383 103.87 29.83 1 1.0 
56384 103.48 29.6 1 1.0 
56783 103.8 25.5 1 1.0 
56889 104.17 24.05 1 1.0 
56989 103.95 22.5 1 1.0 
56996 104.7 23.13 1 1.0 
57993 115.0 25.87 1 1.0 
58484 122.2 30.25 1 1.0 
58566 121.88 29.47 1 1.0 
58568 121.38 29.12 1 1.0 
58570 122.3 29.95 1 1.0 
58647 119.13 28.08 1 1.0 
58656 120.97 28.07 1 1.0 
58659 120.65 28.03 1 1.0 
58664 121.37 28.37 1 1.0 
58666 121.9 28.45 1 1.0 
58667 121.27 28.08 1 1.0 
58725 117.47 27.33 1 1.0 
58730 118.03 27.77 1 1.0 
58731 118.53 27.92 1 1.0 
58734 118.12 27.33 1 1.0 
58735 118.75 27.52 1 1.0 
58737 118.32 27.05 1 1.0 
58745 119.08 27.62 1 1.0 
58746 119.7 27.55 1 1.0 
58747 119.35 27.15 1 1.0 
58748 119.65 27.1 1 1.0 
58749 119.88 27.23 1 1.0 
58751 120.57 27.67 1 1.0 
58752 120.65 27.78 1 1.0 
58754 120.2 27.33 1 1.0 
58760 121.15 27.83 1 1.0 
58814 116.35 26.35 1 1.0 
58818 116.63 26.23 1 1.0 
58819 116.82 26.18 1 1.0 
58820 117.17 26.9 1 1.0 
58821 117.47 26.73 1 1.0 
58822 116.85 26.83 1 1.0 
58824 117.15 26.4 1 1.0 
58828 117.62 26.27 1 1.0 
58836 118.73 26.58 1 1.0 
58837 118.15 26.15 1 1.0 
58843 120.02 26.88 1 1.0 
58844 119.15 26.15 1 1.0 
58847 119.28 26.08 1 1.0 
58848 119.55 26.2 1 1.0 
58903 116.03 25.9 1 1.0 
58905 115.42 25.97 1 1.0 
58907 115.4 25.15 1 1.0 
58911 116.37 25.85 1 1.0 
58912 116.73 25.72 1 1.0 
58918 116.42 25.05 1 1.0 
58928 117.53 25.02 1 1.0 
58929 118.15 25.07 1 1.0 
58931 118.1 25.72 1 1.0 
58932 118.93 25.87 1 1.0 
58933 118.98 26.92 1 1.0 
58935 118.23 25.48 1 1.0 
58940 119.33 26.08 1 1.0 
58941 119.5 25.97 1 1.0 
58942 119.38 25.72 1 1.0 
59102 115.65 24.95 1 1.0 
59106 115.9 24.58 1 1.0 
59107 115.28 24.12 1 1.0 
59114 116.17 24.65 1 1.0 
59116 116.7 24.33 1 1.0 
59122 117.75 24.62 1 1.0 
59124 117.38 24.52 1 1.0 
59125 117.3 24.38 1 1.0 
59130 118.15 24.73 1 1.0 
59205 105.63 23.65 1 1.0 
59306 115.85 23.45 1 1.0 
59313 116.98 23.68 1 1.0 
59471 112.05 22.93 1 1.0 
59492 114.73 22.97 1 1.0 
59754 110.18 20.33 1 1.0 
59758 110.25 20.0 1 1.0 
59842 109.68 19.9 1 1.0 
59843 110.0 19.73 1 1.0 
59845 109.58 19.52 1 1.0 
59848 109.43 19.23 1 1.0 
59855 110.47 19.23 1 1.0 
50524 119.43 49.32 1 1.0 
50527 119.7 49.25 1 1.0 
50603 116.81 48.68 1 1.0 
50618 118.27 48.22 1 1.0 
50913 118.83 45.72 1 1.0 
53336 108.52 41.57 1 1.0 
53392 114.6 41.85 1 1.0 
54301 115.67 41.67 1 1.0 
55578 88.88 29.25 1 1.0 
55585 90.17 29.43 1 1.0 
55593 91.73 29.85 1 1.0 
55680 89.6 28.92 1 1.0 
56116 95.6 31.42 1 1.0 
56180 103.85 31.68 1 1.0 
56193 104.52 32.42 1 1.0 
56199 104.68 31.03 1 1.0 
56202 93.28 30.67 1 1.0 
56286 104.26 30.61 1 1.0 
56297 104.15 30.02 1 1.0 
56565 101.52 27.43 1 1.0 
56675 102.58 26.65 1 1.0 
56684 103.25 26.4 1 1.0 
56688 103.17 26.1 1 1.0 
56697 104.08 26.22 1 1.0 
56761 101.32 25.72 1 1.0 
56763 101.87 25.73 1 1.0 
56766 101.52 25.31 1 1.0 
56767 101.28 25.18 1 1.0 
56772 102.5 25.23 1 1.0 
56774 102.42 25.53 1 1.0 
56775 102.45 25.55 1 1.0 
56777 102.1 25.11 1 1.0 
56778 102.65 25.0 1 1.0 
56785 103.08 25.36 1 1.0 
56788 103.62 24.98 1 1.0 
56863 102.48 24.93 1 1.0 
56867 101.12 23.98 1 1.0 
56869 101.97 24.07 1 1.0 
56870 102.18 24.66 1 1.0 
56871 102.6 24.65 1 1.0 
56872 102.62 24.95 1 1.0 
56873 102.92 24.68 1 1.0 
56875 102.55 24.33 1 1.0 
56876 102.77 24.28 1 1.0 
56878 102.75 24.13 1 1.0 
56879 102.91 24.19 1 1.0 
56880 103.17 24.92 1 1.0 
56881 103.27 24.75 1 1.0 
56882 102.83 24.91 1 1.0 
56885 103.45 24.4 1 1.0 
56886 103.77 24.53 1 1.0 
56898 102.41 24.18 1 1.0 
56944 99.27 23.15 1 1.0 
56949 99.6 22.32 1 1.0 
56950 99.8 23.47 1 1.0 
56952 100.7 23.5 1 1.0 
56954 99.93 22.57 1 1.0 
56958 100.47 21.96 1 1.0 
56959 100.78 22.0 1 1.0 
56961 101.05 23.03 1 1.0 
56962 101.67 23.42 1 1.0 
56964 100.97 22.78 1 1.0 
56966 101.98 23.6 1 1.0 
56970 102.48 23.7 1 1.0 
56973 102.83 23.62 1 1.0 
56975 102.43 23.37 1 1.0 
56976 102.85 23.22 1 1.0 
56977 101.85 22.58 1 1.0 
56978 102.42 23.0 1 1.0 
56982 103.29 23.7 1 1.0 
56984 103.15 23.38 1 1.0 
56985 103.38 23.38 1 1.0 
56987 103.23 22.78 1 1.0 
56991 104.33 23.62 1 1.0 
56992 104.7 23.45 1 1.0 
56995 104.42 23.03 1 1.0 
57204 105.22 32.57 1 1.0 
57714 106.23 27.47 1 1.0 
59849 109.83 19.03 1 1.0 
50526 120.7 49.28 1 1.0 
50767 127.1 47.23 1 1.0 
50852 126.45 46.82 1 1.0 
50853 126.97 46.62 1 1.0 
50861 127.48 46.89 1 1.0 
50862 127.98 46.98 1 1.0 
50962 128.03 45.95 1 1.0 
50979 130.23 45.27 1 1.0 
54098 129.47 44.33 1 1.0 
56567 100.86 27.26 1 1.0 
56669 101.67 26.05 1 1.0 
56752 100.57 25.83 1 1.0 
56969 101.57 21.47 1 1.0 
59854 110.1 19.37 1 1.0 
50639 122.73 48.0 1 1.0 
50647 123.48 48.13 1 1.0 
50739 123.24 47.3 1 1.0 
50741 123.5 47.93 1 1.0 
50745 123.92 47.38 1 1.0 
50832 122.08 46.72 1 1.0 
50833 122.9 46.72 1 1.0 
50838 122.05 46.08 1 1.0 
50924 119.65 45.55 1 1.0 
50928 120.33 45.07 1 1.0 
50936 122.83 45.63 1 1.0 
50939 122.82 45.33 1 1.0 
50940 123.17 45.85 1 1.0 
50945 124.24 45.51 1 1.0 
50948 124.02 45.0 1 1.0 
54041 123.07 44.8 1 1.0 
54064 125.15 44.38 1 1.0 
54069 125.8 44.12 1 1.0 
54134 121.28 43.6 1 1.0 
54135 122.27 43.6 1 1.0 
54142 123.53 43.5 1 1.0 
54154 124.3 43.35 1 1.0 
54155 124.23 43.67 1 1.0 
54156 124.8 43.52 1 1.0 
54157 124.33 43.17 1 1.0 
54161 125.22 43.9 1 1.0 
54164 125.28 43.35 1 1.0 
54231 122.35 42.97 1 1.0 
54234 121.75 42.73 1 1.0 
54236 122.56 42.39 1 1.0 
54249 123.87 42.3 1 1.0 
54252 124.75 42.73 1 1.0 
56357 100.3 29.05 1 1.0 
56474 102.17 28.55 1 1.0 
56673 102.92 26.92 1 1.0 
58834 118.17 26.63 1 1.0 
58921 117.35 25.97 1 1.0 
58927 117.02 25.05 1 1.0 
59268 111.54 23.26 1 1.0 
59269 111.78 23.17 1 1.0 
59276 112.65 23.35 1 1.0 
59297 114.28 23.17 1 1.0 
59456 110.94 22.36 1 1.0 
54047 123.28 44.13 1 1.0 
56948 99.6 22.63 1 1.0 
57181 113.05 33.88 1 1.0 
59109 115.73 24.15 1 1.0 
59113 116.72 24.73 1 1.0 
59117 116.07 24.28 1 1.0 
59126 117.65 24.5 1 1.0 
59293 114.73 23.8 1 1.0 
59294 113.83 23.33 1 1.0 
59298 114.37 23.07 1 1.0 
59303 115.75 23.92 1 1.0 
59304 115.18 23.63 1 1.0 
59462 111.6 22.7 1 1.0 
59493 114.0 22.53 1 1.0 
59501 115.38 22.81 1 1.0 
59502 115.65 22.95 1 1.0 
59647 109.1 21.03 1 1.0 
59654 110.3 21.63 1 1.0 
59655 110.62 21.65 1 1.0 
59659 110.92 21.75 1 1.0 
59664 111.0 21.55 1 1.0 
59673 112.77 21.73 1 1.0 
59838 108.62 19.1 1 1.0 
59847 109.05 19.27 1 1.0 
59945 109.7 18.65 1 1.0 
58926 117.42 25.3 1 1.0 
58946 119.0 25.45 1 1.0 
59099 114.93 24.45 1 1.0 
59500 115.32 22.97 1 1.0 
59940 109.16 18.75 1 1.0 
59941 109.52 18.77 1 1.0 
59954 110.03 18.55 1 1.0 
51468 86.83 43.1 1 1.0 
51469 87.18 43.45 1 1.0 
51804 75.23 37.77 1 1.0 
53337 108.47 41.09 1 1.0 
53348 109.13 41.02 1 1.0 
53368 111.47 41.08 1 1.0 
53433 108.65 40.73 1 1.0 
54132 121.07 42.4 1 1.0 
57206 105.9 32.42 1 1.0 
58125 117.52 33.58 1 1.0 
58126 117.87 33.47 1 1.0 
58127 117.2 32.98 1 1.0 
58128 117.35 33.33 1 1.0 
58129 117.83 33.15 1 1.0 
58138 118.52 32.98 1 1.0 
58139 118.91 33.31 1 1.0 
58147 118.97 32.98 1 1.0 
58203 115.73 32.87 1 1.0 
58223 117.98 32.8 1 1.0 
58243 119.82 32.95 1 1.0 
58250 120.16 32.51 1 1.0 
58317 116.37 30.87 1 1.0 
58334 118.37 31.38 1 1.0 
58845 119.53 26.5 1 1.0 
58850 120.23 26.92 1 1.0 
58936 118.7 25.37 1 1.0 
58938 118.98 25.23 1 1.0 
58944 119.78 25.52 1 1.0 
50963 128.73 45.97 1 1.0 
50964 128.8 45.83 1 1.0 
50965 128.27 45.43 1 1.0 
50973 130.61 45.75 1 1.0 
50978 130.92 45.3 1 1.0 
50987 131.09 45.26 1 1.0 
51708 75.95 39.15 1 1.0 
51709 75.75 39.49 1 1.0 
51802 76.17 38.93 1 1.0 
51815 77.27 38.2 1 1.0 
53357 110.05 41.03 1 1.0 
53385 113.54 41.6 1 1.0 
53463 111.57 40.85 1 1.0 
53464 111.17 40.72 1 1.0 
53466 111.7 40.75 1 1.0 
53469 111.82 40.4 1 1.0 
53472 112.57 40.87 1 1.0 
53475 112.47 40.52 1 1.0 
53478 112.45 40.0 1 1.0 
53480 113.07 41.03 1 1.0 
53484 113.15 40.45 1 1.0 
53486 113.77 40.37 1 1.0 
53487 113.42 40.08 1 1.0 
53488 113.58 40.03 1 1.0 
53490 114.05 40.43 1 1.0 
53491 114.38 40.67 1 1.0 
53492 114.15 40.1 1 1.0 
53498 115.03 40.57 1 1.0 
53499 114.73 40.77 1 1.0 
53562 111.67 39.92 1 1.0 
53574 112.27 39.52 1 1.0 
53575 112.2 39.1 1 1.0 
53577 112.3 39.0 1 1.0 
53580 113.1 39.82 1 1.0 
53582 113.67 39.72 1 1.0 
53584 113.17 39.57 1 1.0 
53590 114.27 39.75 1 1.0 
53593 114.57 39.83 1 1.0 
53594 114.18 39.45 1 1.0 
53599 114.68 39.37 1 1.0 
53663 111.82 38.92 1 1.0 
54093 130.55 44.93 1 1.0 
54399 116.28 39.98 1 1.0 
54401 114.92 40.77 1 1.0 
54405 115.5 40.42 1 1.0 
54406 115.97 40.45 1 1.0 
54408 115.22 40.38 1 1.0 
54424 117.12 40.17 1 1.0 
54425 117.47 40.4 1 1.0 
54429 117.95 40.2 1 1.0 
54431 116.63 39.92 1 1.0 
54433 116.5 39.95 1 1.0 
54501 115.68 39.97 1 1.0 
54502 116.03 39.48 1 1.0 
54503 115.82 39.07 1 1.0 
54505 116.1 39.94 1 1.0 
54506 115.95 39.32 1 1.0 
54507 115.52 39.33 1 1.0 
54510 116.95 39.91 1 1.0 
54511 116.47 39.8 1 1.0 
54512 116.28 39.42 1 1.0 
54513 116.2 39.95 1 1.0 
54514 116.25 39.87 1 1.0 
54515 116.7 39.5 1 1.0 
54518 116.39 39.17 1 1.0 
54519 116.48 39.3 1 1.0 
54520 117.08 39.97 1 1.0 
54521 116.98 39.77 1 1.0 
54522 117.73 39.88 1 1.0 
54523 117.02 39.38 1 1.0 
54525 117.28 39.73 1 1.0 
54532 118.08 39.81 1 1.0 
54594 116.35 39.72 1 1.0 
54596 116.19 39.77 1 1.0 
54597 115.74 39.73 1 1.0 
54601 115.65 38.98 1 1.0 
54602 115.48 38.73 1 1.0 
54605 115.93 38.93 1 1.0 
54611 115.32 38.93 1 1.0 
54612 116.46 38.85 1 1.0 
54613 116.62 38.7 1 1.0 
54636 116.1 39.02 1 1.0 
54645 117.47 38.85 1 1.0 
58035 118.35 34.33 1 1.0 
58045 119.6 34.2 1 1.0 
58135 118.22 33.48 1 1.0 
58141 118.93 33.64 1 1.0 
58143 119.85 33.8 1 1.0 
58146 119.77 33.47 1 1.0 
58150 120.3 33.75 1 1.0 
58154 120.2 33.43 1 1.0 
58158 120.48 33.2 1 1.0 
59131 118.37 24.97 1 1.0 
50834 121.22 46.6 1 1.0 
50915 116.97 45.52 1 1.0 
51359 86.2 44.32 1 1.0 
51636 82.65 41.55 1 1.0 
52495 104.8 40.17 1 1.0 
52607 106.65 39.43 1 1.0 
53068 111.93 43.62 1 1.0 
53083 114.15 44.62 1 1.0 
53149 110.13 42.53 1 1.0 
53192 114.95 44.02 1 1.0 
53195 113.63 43.85 1 1.0 
53517 106.33 39.27 1 1.0 
53533 108.71 39.81 1 1.0 
53564 111.21 39.37 1 1.0 
53565 111.5 39.43 1 1.0 
53588 113.52 38.95 1 1.0 
53602 105.67 38.83 1 1.0 
53644 108.83 38.6 1 1.0 
54024 119.3 44.45 1 1.0 
54117 117.53 43.25 1 1.0 
54290 129.4 42.77 1 1.0 
54434 118.33 40.17 1 1.0 
54438 118.88 39.88 1 1.0 
54531 118.72 39.73 1 1.0 
54533 118.1 39.58 1 1.0 
54534 118.1 39.65 1 1.0 
54604 115.33 38.42 1 1.0 
54606 115.73 38.23 1 1.0 
54626 115.82 38.42 1 1.0 
54710 116.17 37.87 1 1.0 
57102 105.72 33.75 1 1.0 
57110 106.08 33.78 1 1.0 
57111 106.3 33.92 1 1.0 
50934 121.58 45.38 1 1.0 
51467 86.33 42.76 1 1.0 
51477 88.32 43.35 1 1.0 
51633 81.9 41.78 1 1.0 
51639 82.78 41.23 1 1.0 
51642 84.27 41.82 1 1.0 
51644 82.97 41.72 1 1.0 
51655 86.27 41.35 1 1.0 
51765 87.7 40.63 1 1.0 
52118 94.7 43.27 1 1.0 
52203 93.52 42.82 1 1.0 
52323 97.03 41.8 1 1.0 
52418 94.68 40.15 1 1.0 
52424 95.78 40.53 1 1.0 
52436 97.03 40.27 1 1.0 
52515 94.87 39.52 1 1.0 
54026 120.9 44.57 1 1.0 
54027 119.4 43.98 1 1.0 
54031 121.82 44.9 1 1.0 
54039 122.02 44.03 1 1.0 
54049 123.97 44.25 1 1.0 
54113 118.65 43.53 1 1.0 
54122 120.03 43.86 1 1.0 
54213 119.02 42.93 1 1.0 
54223 120.65 42.85 1 1.0 
54225 119.94 42.29 1 1.0 
54226 120.7 42.33 1 1.0 
54237 121.75 42.07 1 1.0 
54293 129.83 42.95 1 1.0 
54311 117.77 41.97 1 1.0 
54313 118.7 41.93 1 1.0 
54320 119.3 41.6 1 1.0 
54321 119.63 41.87 1 1.0 
54323 120.78 41.82 1 1.0 
54449 119.52 39.85 1 1.0 
54540 119.2 39.73 1 1.0 
54541 119.23 39.9 1 1.0 
54608 115.55 38.0 1 1.0 
50658 125.88 48.05 1 1.0 
50756 126.87 47.45 1 1.0 
50888 132.17 46.39 1 1.0 
51559 86.4 42.32 1 1.0 
52533 98.48 39.77 1 1.0 
52546 99.83 39.37 1 1.0 
52557 100.17 39.15 1 1.0 
52576 101.68 39.22 1 1.0 
52643 99.62 38.83 1 1.0 
52652 100.28 39.08 1 1.0 
52656 100.82 38.43 1 1.0 
52661 101.08 38.8 1 1.0 
52681 103.08 38.63 1 1.0 
52713 95.35 37.85 1 1.0 
52818 94.92 36.42 1 1.0 
52825 96.43 36.43 1 1.0 
52833 98.48 36.93 1 1.0 
52836 98.1 36.3 1 1.0 
52884 103.95 36.35 1 1.0 
52885 103.25 36.75 1 1.0 
52889 103.88 36.05 1 1.0 
52983 104.15 35.87 1 1.0 
53446 109.88 40.53 1 1.0 
53457 110.03 40.4 1 1.0 
53502 105.75 39.78 1 1.0 
53505 105.4 37.88 1 1.0 
53512 106.8 39.8 1 1.0 
53518 106.35 39.03 1 1.0 
53529 107.96 39.09 1 1.0 
53543 109.98 39.83 1 1.0 
53545 109.71 39.56 1 1.0 
53547 109.03 39.1 1 1.0 
53553 111.22 39.87 1 1.0 
53567 111.0 39.02 1 1.0 
53646 109.78 38.27 1 1.0 
53651 110.47 38.82 1 1.0 
53659 111.0 37.97 1 1.0 
53660 111.08 39.02 1 1.0 
53704 105.18 37.53 1 1.0 
53705 105.68 37.48 1 1.0 
53725 107.58 37.58 1 1.0 
53727 107.12 37.17 1 1.0 
53730 107.48 38.18 1 1.0 
53735 108.8 37.62 1 1.0 
53740 109.23 37.93 1 1.0 
53767 111.17 37.33 1 1.0 
53829 107.9 35.98 1 1.0 
53854 110.07 36.58 1 1.0 
53857 110.18 36.07 1 1.0 
53934 107.98 35.78 1 1.0 
53935 108.4 35.49 1 1.0 
53937 107.92 35.52 1 1.0 
53938 108.3 35.17 1 1.0 
53942 109.41 35.77 1 1.0 
53944 109.25 35.57 1 1.0 
53945 109.07 35.43 1 1.0 
56137 97.17 31.15 1 1.0 
56183 103.62 31.5 1 1.0 
57003 106.83 34.9 1 1.0 
57016 107.13 34.35 1 1.0 
57020 107.4 34.37 1 1.0 
57021 107.13 34.65 1 1.0 
57024 107.65 34.45 1 1.0 
57025 107.38 34.52 1 1.0 
57026 107.88 34.37 1 1.0 
57027 107.73 34.27 1 1.0 
57123 108.07 34.28 1 1.0 
57217 106.28 32.23 1 1.0 
51567 86.57 42.08 1 1.0 
51568 86.8 42.25 1 1.0 
51656 86.13 41.75 1 1.0 
51777 88.17 39.03 1 1.0 
53455 110.53 40.55 1 1.0 
53467 111.18 40.27 1 1.0 
53573 112.7 40.0 1 1.0 
53578 112.43 39.37 1 1.0 
53585 113.27 39.17 1 1.0 
53662 111.58 38.72 1 1.0 
53664 111.13 38.47 1 1.0 
53665 111.65 38.28 1 1.0 
53666 111.93 38.35 1 1.0 
53669 111.8 38.08 1 1.0 
53681 113.37 38.83 1 1.0 
53732 108.72 37.85 1 1.0 
53738 108.17 36.92 1 1.0 
53750 110.18 37.77 1 1.0 
53757 110.12 37.12 1 1.0 
53759 110.83 36.98 1 1.0 
53760 111.23 37.88 1 1.0 
53763 112.17 37.92 1 1.0 
53764 111.1 37.5 1 1.0 
53786 113.33 37.09 1 1.0 
53852 110.63 36.77 1 1.0 
53853 110.95 36.7 1 1.0 
53860 111.17 36.98 1 1.0 
53864 111.1 36.4 1 1.0 
53965 111.57 35.52 1 1.0 
54063 126.0 44.97 1 1.0 
54318 117.73 41.32 1 1.0 
54319 118.67 41.0 1 1.0 
54326 119.63 41.41 1 1.0 
54327 119.35 41.23 1 1.0 
54328 119.72 41.08 1 1.0 
54428 117.4 40.03 1 1.0 
54436 118.95 40.42 1 1.0 
54452 119.82 40.8 1 1.0 
56307 92.58 29.15 1 1.0 
57034 108.24 34.31 1 1.0 
57060 111.23 35.17 1 1.0 
57084 113.05 34.49 1 1.0 
54099 131.13 44.08 1 1.0 
54195 129.78 43.3 1 1.0 
54291 130.28 42.9 1 1.0 
56267 101.02 30.03 1 1.0 
53723 107.38 37.8 1 1.0 
53880 113.23 36.33 1 1.0 
53886 113.67 36.57 1 1.0 
53888 113.43 36.2 1 1.0 
54096 131.17 44.38 1 1.0 
54913 116.82 35.75 1 1.0 
58038 118.78 34.08 1 1.0 
58041 119.43 34.78 1 1.0 
58130 117.95 33.93 1 1.0 
58131 118.22 33.97 1 1.0 
58132 118.68 33.72 1 1.0 
50548 123.72 49.2 1 1.0 
51495 91.73 43.22 1 1.0 
53576 112.82 39.5 1 1.0 
53579 112.9 39.02 1 1.0 
53596 115.13 38.85 1 1.0 
53673 112.72 38.73 1 1.0 
53674 112.7 38.4 1 1.0 
53676 112.98 38.5 1 1.0 
53677 112.48 37.93 1 1.0 
53678 112.65 38.07 1 1.0 
53679 112.54 37.75 1 1.0 
53680 114.38 38.3 1 1.0 
53682 114.68 38.63 1 1.0 
53685 113.42 38.07 1 1.0 
53687 113.63 37.78 1 1.0 
53688 114.55 38.42 1 1.0 
53689 115.07 38.02 1 1.0 
53691 114.57 38.15 1 1.0 
53692 114.98 38.73 1 1.0 
53693 114.13 38.03 1 1.0 
53694 114.22 38.27 1 1.0 
53696 115.02 38.55 1 1.0 
53697 114.83 38.03 1 1.0 
53698 114.36 38.07 1 1.0 
53699 114.95 38.18 1 1.0 
53756 110.72 37.52 1 1.0 
53769 111.78 37.25 1 1.0 
53770 112.35 37.35 1 1.0 
53771 112.05 37.42 1 1.0 
53772 112.58 37.62 1 1.0 
53774 112.37 37.58 1 1.0 
53775 112.59 37.42 1 1.0 
53776 112.77 37.68 1 1.0 
53777 112.14 37.51 1 1.0 
53778 112.22 37.17 1 1.0 
53780 113.15 37.91 1 1.0 
53781 114.47 36.87 1 1.0 
53782 113.62 37.93 1 1.0 
53783 113.72 37.6 1 1.0 
53784 114.78 37.75 1 1.0 
53785 114.67 37.52 1 1.0 
53787 112.98 37.07 1 1.0 
53788 113.57 37.33 1 1.0 
53789 114.63 37.88 1 1.0 
53790 114.61 37.63 1 1.0 
53791 114.5 37.81 1 1.0 
53792 114.48 37.45 1 1.0 
53794 114.75 37.35 1 1.0 
53795 114.37 37.65 1 1.0 
53796 114.89 37.62 1 1.0 
53797 114.52 37.28 1 1.0 
53798 114.36 37.18 1 1.0 
53799 115.0 37.24 1 1.0 
53850 110.18 36.88 1 1.0 
53856 110.75 36.47 1 1.0 
53859 110.67 36.1 1 1.0 
53861 111.38 35.88 1 1.0 
53862 111.8 36.85 1 1.0 
53863 111.95 37.07 1 1.0 
53865 111.55 36.65 1 1.0 
53866 111.67 36.23 1 1.0 
53868 111.5 36.07 1 1.0 
53869 111.7 36.58 1 1.0 
53871 112.85 36.83 1 1.0 
53872 112.68 36.77 1 1.0 
53873 112.87 36.1 1 1.0 
53874 111.9 36.25 1 1.0 
53875 112.35 36.52 1 1.0 
53877 112.25 36.17 1 1.0 
53878 113.38 36.52 1 1.0 
53879 112.88 36.32 1 1.0 
53882 113.03 36.07 1 1.0 
53883 114.7 37.13 1 1.0 
53884 113.03 36.52 1 1.0 
53885 113.2 36.12 1 1.0 
53889 113.82 36.07 1 1.0 
53890 114.1 36.67 1 1.0 
53891 114.68 37.02 1 1.0 
53892 114.47 36.62 1 1.0 
53893 114.95 36.77 1 1.0 
53894 114.2 36.4 1 1.0 
53895 114.5 36.78 1 1.0 
53896 114.95 36.35 1 1.0 
53897 114.38 36.38 1 1.0 
53898 114.14 36.05 1 1.0 
53946 109.82 35.6 1 1.0 
53950 110.15 35.23 1 1.0 
53953 110.85 35.97 1 1.0 
53954 110.97 35.62 1 1.0 
53956 110.83 35.4 1 1.0 
53957 110.72 35.62 1 1.0 
53958 110.78 35.17 1 1.0 
53962 111.7 35.73 1 1.0 
53963 111.37 35.65 1 1.0 
53964 111.22 35.62 1 1.0 
53966 111.83 35.98 1 1.0 
53967 111.2 35.33 1 1.0 
53968 111.67 35.28 1 1.0 
53972 112.9 35.05 1 1.0 
53973 112.95 35.77 1 1.0 
53974 114.23 35.61 1 1.0 
53975 112.4 35.48 1 1.0 
53978 112.63 35.08 1 1.0 
53979 113.08 35.15 1 1.0 
53982 113.27 35.23 1 1.0 
53983 114.42 35.03 1 1.0 
53984 113.47 35.23 1 1.0 
53985 113.82 35.5 1 1.0 
53986 113.88 35.32 1 1.0 
53987 113.36 35.11 1 1.0 
53988 113.67 35.27 1 1.0 
53989 113.98 35.08 1 1.0 
53991 114.33 35.92 1 1.0 
53993 114.92 35.93 1 1.0 
53994 114.07 35.38 1 1.0 
53995 114.5 35.55 1 1.0 
53996 114.65 36.45 1 1.0 
54308 116.63 41.2 1 1.0 
54398 116.62 40.13 1 1.0 
54404 115.83 40.88 1 1.0 
54410 116.13 40.6 1 1.0 
54416 116.87 40.38 1 1.0 
54419 116.63 40.37 1 1.0 
54421 117.12 40.65 1 1.0 
54499 116.22 40.22 1 1.0 
54603 115.77 38.72 1 1.0 
54607 115.12 38.72 1 1.0 
54609 115.59 38.23 1 1.0 
54610 116.1 38.73 1 1.0 
54614 116.06 38.42 1 1.0 
54617 116.12 38.18 1 1.0 
54620 115.57 38.48 1 1.0 
54621 115.18 38.18 1 1.0 
54631 115.15 37.07 1 1.0 
54632 115.03 37.07 1 1.0 
54633 115.23 37.52 1 1.0 
54640 114.87 36.92 1 1.0 
54700 115.93 38.03 1 1.0 
54701 115.2 37.93 1 1.0 
54702 115.7 37.73 1 1.0 
54703 115.88 37.8 1 1.0 
54704 115.57 37.52 1 1.0 
54705 115.38 37.37 1 1.0 
54708 115.73 37.5 1 1.0 
54711 116.28 37.7 1 1.0 
54719 116.68 38.03 1 1.0 
54800 115.25 37.0 1 1.0 
54804 115.18 36.3 1 1.0 
54820 115.17 36.82 1 1.0 
54901 115.17 36.08 1 1.0 
54902 115.12 35.9 1 1.0 
57051 111.2 34.8 1 1.0 
57053 110.72 34.7 1 1.0 
57061 111.2 34.83 1 1.0 
57063 111.77 34.77 1 1.0 
57065 112.13 34.55 1 1.0 
57066 111.67 34.4 1 1.0 
57070 112.12 34.73 1 1.0 
57071 112.43 34.82 1 1.0 
57072 112.75 34.92 1 1.0 
57074 112.4 34.42 1 1.0 
57075 112.87 34.17 1 1.0 
57076 112.78 34.73 1 1.0 
57078 112.47 34.15 1 1.0 
57079 113.03 34.95 1 1.0 
57080 112.97 34.73 1 1.0 
57081 113.43 34.8 1 1.0 
57085 113.33 34.53 1 1.0 
57086 113.72 34.38 1 1.0 
57087 113.73 34.27 1 1.0 
57088 113.5 34.19 1 1.0 
57132 108.58 34.13 1 1.0 
57162 112.07 34.13 1 1.0 
57169 111.87 33.05 1 1.0 
57173 112.88 33.75 1 1.0 
57175 112.23 33.05 1 1.0 
57176 112.42 33.48 1 1.0 
57178 112.49 33.1 1 1.0 
57180 113.2 33.98 1 1.0 
57265 111.73 32.43 1 1.0 
57274 112.12 32.7 1 1.0 
57279 112.75 32.15 1 1.0 
57285 113.42 32.38 1 1.0 
57363 111.83 31.8 1 1.0 
58001 115.1 34.43 1 1.0 
58016 116.97 34.18 1 1.0 
50557 125.23 49.17 1 1.0 
50787 131.84 47.31 1 1.0 
51542 84.15 43.03 1 1.0 
53695 114.68 38.35 1 1.0 
53773 114.62 36.33 1 1.0 
53899 114.97 36.48 1 1.0 
53961 111.48 35.65 1 1.0 
53980 114.8 36.55 1 1.0 
53992 114.52 35.65 1 1.0 
54412 116.63 40.73 1 1.0 
54420 117.33 40.93 1 1.0 
54423 117.92 40.97 1 1.0 
54430 118.21 40.78 1 1.0 
54432 118.47 40.61 1 1.0 
54809 115.28 36.55 1 1.0 
54900 115.02 35.7 1 1.0 
57082 113.02 34.47 1 1.0 
57281 113.3 32.7 1 1.0 
58100 115.17 33.65 1 1.0 
58107 115.28 33.02 1 1.0 
58108 115.33 33.23 1 1.0 
58122 116.98 33.63 1 1.0 
50871 129.88 46.73 1 1.0 
50877 129.58 46.3 1 1.0 
50878 130.72 47.0 1 1.0 
50879 130.55 46.22 1 1.0 
50956 126.77 46.08 1 1.0 
51572 89.25 42.83 1 1.0 
51573 89.2 42.93 1 1.0 
51627 79.23 41.22 1 1.0 
51628 80.23 41.17 1 1.0 
51629 80.23 41.27 1 1.0 
51704 76.17 39.72 1 1.0 
51707 76.73 39.5 1 1.0 
51711 78.45 40.93 1 1.0 
51716 78.57 39.8 1 1.0 
51717 76.78 39.25 1 1.0 
51720 79.05 40.5 1 1.0 
51722 80.4 40.65 1 1.0 
51730 81.27 40.55 1 1.0 
53754 110.22 37.5 1 1.0 
54214 118.42 42.58 1 1.0 
54218 118.83 42.31 1 1.0 
51810 77.63 38.92 1 1.0 
51811 77.27 38.43 1 1.0 
52995 104.62 35.58 1 1.0 
53618 106.25 38.28 1 1.0 
53748 109.7 37.18 1 1.0 
53841 109.32 36.88 1 1.0 
53845 109.45 36.58 1 1.0 
53848 109.35 36.27 1 1.0 
53881 106.48 37.28 1 1.0 
53930 107.98 36.45 1 1.0 
53948 109.58 34.95 1 1.0 
53949 109.92 35.18 1 1.0 
53955 110.45 35.47 1 1.0 
57022 107.78 34.68 1 1.0 
57023 108.11 35.02 1 1.0 
57029 108.48 34.5 1 1.0 
57030 108.15 34.7 1 1.0 
57031 108.55 34.82 1 1.0 
57032 108.2 34.13 1 1.0 
57033 108.82 34.55 1 1.0 
57035 108.23 34.55 1 1.0 
57037 108.98 34.93 1 1.0 
57038 108.45 34.28 1 1.0 
57040 109.08 34.52 1 1.0 
57041 108.92 34.63 1 1.0 
57042 109.18 34.78 1 1.0 
57045 109.48 34.52 1 1.0 
57049 109.73 34.52 1 1.0 
57052 110.45 34.88 1 1.0 
57056 110.86 34.54 1 1.0 
58648 119.64 27.99 1 1.0 
51747 83.67 39.0 1 1.0 
51814 77.4 37.92 1 1.0 
51818 78.28 37.62 1 1.0 
51829 80.17 37.08 1 1.0 
51855 85.55 38.15 1 1.0 
51886 90.85 38.25 1 1.0 
52876 102.83 36.33 1 1.0 
52980 103.3 35.97 1 1.0 
53419 107.0 40.33 1 1.0 
53420 107.12 40.85 1 1.0 
53513 107.37 40.73 1 1.0 
53519 106.77 39.22 1 1.0 
53522 107.83 40.05 1 1.0 
53603 106.37 38.83 1 1.0 
53610 106.35 38.57 1 1.0 
53611 106.55 38.88 1 1.0 
53612 106.18 37.98 1 1.0 
53614 106.2 38.47 1 1.0 
53615 106.7 38.8 1 1.0 
53617 106.08 38.03 1 1.0 
53619 106.3 38.12 1 1.0 
53658 110.48 38.03 1 1.0 
53751 110.05 37.6 1 1.0 
53832 108.77 36.77 1 1.0 
53931 109.37 36.0 1 1.0 
53941 109.58 35.18 1 1.0 
51526 88.22 42.23 1 1.0 
51826 80.8 37.02 1 1.0 
51827 79.63 37.17 1 1.0 
51828 79.93 37.13 1 1.0 
51839 82.72 37.07 1 1.0 
51931 81.65 36.85 1 1.0 
53970 112.2 35.7 1 1.0 
56094 104.37 33.78 1 1.0 
52575 102.78 39.42 1 1.0 
53324 107.05 41.07 1 1.0 
53690 114.18 38.85 1 1.0 
50645 124.48 48.48 1 1.0 
50742 124.48 47.8 1 1.0 
50859 126.28 46.29 1 1.0 
50880 131.12 46.73 1 1.0 
50750 125.3 47.9 1 1.0 
50851 126.08 46.68 1 1.0 
50844 123.45 46.4 1 1.0 
55589 90.98 29.3 1 1.0 
56247 99.11 30.0 1 1.0 
54316 118.75 41.52 1 1.0 
50749 124.83 47.18 1 1.0 
50842 124.42 46.83 1 1.0 
52447 98.88 40.0 1 1.0 
50850 125.13 46.57 1 1.0 
52602 93.33 38.75 1 1.0 
56371 102.23 29.92 1 1.0 
55572 89.1 29.68 1 1.0 
52707 93.68 36.8 1 1.0 
51571 88.63 42.8 1 1.0 
52267 101.07 41.95 1 1.0 
53231 106.4 41.4 1 1.0 
52446 99.52 40.3 1 1.0 
56228 96.92 30.05 1 1.0 
52112 94.98 43.76 1 1.0 
52963 102.02 35.93 1 1.0 
53753 110.88 37.43 1 1.0 
53768 111.75 37.15 1 1.0 
58645 119.49 28.46 1 1.0 
58444 120.29 30.42 1 1.0 
58755 120.39 27.5 1 1.0 
48520 99.08 10.32 1 1.0 