1.000000 255.000000 255.000000 255.000000
2.000000 245.500000 245.500000 255.000000
3.000000 236.000000 236.000000 255.000000
4.000000 226.500000 226.500000 255.000000
5.000000 217.000000 217.000000 255.000000
6.000000 207.500000 207.500000 255.000000
7.000000 198.000000 198.000000 255.000000
8.000000 188.500000 188.500000 255.000000
9.000000 179.000000 179.000000 255.000000
10.000000 169.500000 169.500000 255.000000
11.000000 160.000000 160.000000 255.000000
12.000000 164.000000 159.000000 229.500000
13.000000 168.000000 158.000000 204.000000
14.000000 172.000000 157.000000 178.500000
15.000000 176.000000 156.000000 153.000000
16.000000 180.000000 155.000000 127.500000
17.000000 184.000000 154.000000 102.000000
18.000000 188.000000 153.000000 76.500000
19.000000 192.000000 152.000000 51.000000
20.000000 196.000000 151.000000 25.500000
