-100.000000 120.000000 120.000000 255.000000
-98.000000 122.700000 122.700000 255.000000
-96.000000 125.400000 125.400000 255.000000
-94.000000 128.100000 128.100000 255.000000
-92.000000 130.800000 130.800000 255.000000
-90.000000 133.500000 133.500000 255.000000
-88.000000 136.200000 136.200000 255.000000
-86.000000 138.900000 138.900000 255.000000
-84.000000 141.600000 141.600000 255.000000
-82.000000 144.300000 144.300000 255.000000
-80.000000 147.000000 147.000000 255.000000
-78.000000 149.700000 149.700000 255.000000
-76.000000 152.400000 152.400000 255.000000
-74.000000 155.100000 155.100000 255.000000
-72.000000 157.800000 157.800000 255.000000
-70.000000 160.500000 160.500000 255.000000
-68.000000 163.200000 163.200000 255.000000
-66.000000 165.900000 165.900000 255.000000
-64.000000 168.600000 168.600000 255.000000
-62.000000 171.300000 171.300000 255.000000
-60.000000 174.000000 174.000000 255.000000
-58.000000 176.700000 176.700000 255.000000
-56.000000 179.400000 179.400000 255.000000
-54.000000 182.100000 182.100000 255.000000
-52.000000 184.800000 184.800000 255.000000
-50.000000 187.500000 187.500000 255.000000
-48.000000 190.200000 190.200000 255.000000
-46.000000 192.900000 192.900000 255.000000
-44.000000 195.600000 195.600000 255.000000
-42.000000 198.300000 198.300000 255.000000
-40.000000 201.000000 201.000000 255.000000
-38.000000 203.700000 203.700000 255.000000
-36.000000 206.400000 206.400000 255.000000
-34.000000 209.100000 209.100000 255.000000
-32.000000 211.800000 211.800000 255.000000
-30.000000 214.500000 214.500000 255.000000
-28.000000 217.200000 217.200000 255.000000
-26.000000 219.900000 219.900000 255.000000
-24.000000 222.600000 222.600000 255.000000
-22.000000 225.300000 225.300000 255.000000
-20.000000 228.000000 228.000000 255.000000
-18.000000 230.700000 230.700000 255.000000
-16.000000 233.400000 233.400000 255.000000
-14.000000 236.100000 236.100000 255.000000
-12.000000 238.800000 238.800000 255.000000
-10.000000 241.500000 241.500000 255.000000
-8.000000 244.200000 244.200000 255.000000
-6.000000 246.900000 246.900000 255.000000
-4.000000 249.600000 249.600000 255.000000
-2.000000 252.300000 252.300000 255.000000
0.000000 255.000000 255.000000 255.000000
2.000000 251.100000 251.100000 251.100000
4.000000 247.200000 247.200000 247.200000
6.000000 243.300000 243.300000 243.300000
8.000000 239.400000 239.400000 239.400000
10.000000 235.500000 235.500000 235.500000
12.000000 231.600000 231.600000 231.600000
14.000000 227.700000 227.700000 227.700000
16.000000 223.800000 223.800000 223.800000
18.000000 219.900000 219.900000 219.900000
20.000000 216.000000 216.000000 216.000000
22.000000 212.100000 212.100000 212.100000
24.000000 208.200000 208.200000 208.200000
26.000000 204.300000 204.300000 204.300000
28.000000 200.400000 200.400000 200.400000
30.000000 196.500000 196.500000 196.500000
32.000000 192.600000 192.600000 192.600000
34.000000 188.700000 188.700000 188.700000
36.000000 184.800000 184.800000 184.800000
38.000000 180.900000 180.900000 180.900000
40.000000 177.000000 177.000000 177.000000
42.000000 173.100000 173.100000 173.100000
44.000000 169.200000 169.200000 169.200000
46.000000 165.300000 165.300000 165.300000
48.000000 161.400000 161.400000 161.400000
50.000000 157.500000 157.500000 157.500000
52.000000 153.600000 153.600000 153.600000
54.000000 149.700000 149.700000 149.700000
56.000000 145.800000 145.800000 145.800000
58.000000 141.900000 141.900000 141.900000
60.000000 138.000000 138.000000 138.000000
62.000000 134.100000 134.100000 134.100000
64.000000 130.200000 130.200000 130.200000
66.000000 126.300000 126.300000 126.300000
68.000000 122.400000 122.400000 122.400000
70.000000 118.500000 118.500000 118.500000
72.000000 114.600000 114.600000 114.600000
74.000000 110.700000 110.700000 110.700000
76.000000 106.800000 106.800000 106.800000
78.000000 102.900000 102.900000 102.900000
80.000000 99.000000 99.000000 99.000000
82.000000 95.100000 95.100000 95.100000
84.000000 91.200000 91.200000 91.200000
86.000000 87.300000 87.300000 87.300000
88.000000 83.400000 83.400000 83.400000
90.000000 79.500000 79.500000 79.500000
92.000000 75.600000 75.600000 75.600000
94.000000 71.700000 71.700000 71.700000
96.000000 67.800000 67.800000 67.800000
98.000000 63.900000 63.900000 63.900000
