1.000000 250.000000 250.000000 250.000000
2.000000 245.000000 247.400000 245.000000
3.000000 240.000000 244.800000 240.000000
4.000000 235.000000 242.200000 235.000000
5.000000 230.000000 239.600000 230.000000
6.000000 225.000000 237.000000 225.000000
7.000000 220.000000 234.400000 220.000000
8.000000 215.000000 231.800000 215.000000
9.000000 210.000000 229.200000 210.000000
10.000000 205.000000 226.600000 205.000000
11.000000 200.000000 224.000000 200.000000
12.000000 195.000000 221.400000 195.000000
13.000000 190.000000 218.800000 190.000000
14.000000 185.000000 216.200000 185.000000
15.000000 180.000000 213.600000 180.000000
16.000000 175.000000 211.000000 175.000000
17.000000 170.000000 208.400000 170.000000
18.000000 165.000000 205.800000 165.000000
19.000000 160.000000 203.200000 160.000000
20.000000 155.000000 200.600000 155.000000
21.000000 150.000000 198.000000 150.000000
22.000000 145.000000 195.400000 145.000000
23.000000 140.000000 192.800000 140.000000
24.000000 135.000000 190.200000 135.000000
25.000000 130.000000 187.600000 130.000000
26.000000 125.000000 185.000000 125.000000
27.000000 120.000000 182.400000 120.000000
28.000000 115.000000 179.800000 115.000000
29.000000 110.000000 177.200000 110.000000
30.000000 105.000000 174.600000 105.000000
31.000000 100.000000 172.000000 100.000000
32.000000 95.000000 169.400000 95.000000
33.000000 90.000000 166.800000 90.000000
34.000000 85.000000 164.200000 85.000000
35.000000 80.000000 161.600000 80.000000
36.000000 75.000000 159.000000 75.000000
37.000000 70.000000 156.400000 70.000000
38.000000 65.000000 153.800000 65.000000
39.000000 60.000000 151.200000 60.000000
40.000000 55.000000 148.600000 55.000000
41.000000 50.000000 146.000000 50.000000
42.000000 45.000000 143.400000 45.000000
43.000000 40.000000 140.800000 40.000000
44.000000 35.000000 138.200000 35.000000
45.000000 30.000000 135.600000 30.000000
46.000000 25.000000 133.000000 25.000000
47.000000 20.000000 130.400000 20.000000
48.000000 15.000000 127.800000 15.000000
49.000000 10.000000 125.200000 10.000000
50.000000 5.000000 122.600000 5.000000
