-50 64 0 64
-48 74 0 74
-46 85 0 85
-44 96 0 96
-42 128 0 128
-40 106 0 128
-38 85 0 128
-36 64 0 128
-34 0 0 128
-32 0 0 149
-30 0 0 170
-28 0 0 191
-26 0 0 255
-24 0 21 233
-22 0 42 212
-20 0 64 191
-18 0 128 128
-16 0 149 149
-14 0 170 170
-12 0 191 191
-10 0 255 255
-8 0 233 212
-6 0 212 170
-4 0 191 127
-2 0 128 0
0 0 149 0
2 0 170 0
4 0 191 0
6 0 255 0
8 21 233 0
10 42 212 0
12 64 191 0
14 128 128 0
16 149 149 0
18 170 170 0
20 191 191 0
22 255 255 0
24 255 212 0
26 255 170 0
28 255 127 0
30 255 0 0
32 255 0 42
34 255 0 85
36 255 0 127
38 255 0 255
40 233 0 212
42 212 0 170
44 191 0 127