-25.000000 100.000000 60.000000 40.000000
-24.500000 103.100000 63.900000 44.300000
-24.000000 106.200000 67.800000 48.600000
-23.500000 109.300000 71.700000 52.900000
-23.000000 112.400000 75.600000 57.200000
-22.500000 115.500000 79.500000 61.500000
-22.000000 118.600000 83.400000 65.800000
-21.500000 121.700000 87.300000 70.100000
-21.000000 124.800000 91.200000 74.400000
-20.500000 127.900000 95.100000 78.700000
-20.000000 131.000000 99.000000 83.000000
-19.500000 134.100000 102.900000 87.300000
-19.000000 137.200000 106.800000 91.600000
-18.500000 140.300000 110.700000 95.900000
-18.000000 143.400000 114.600000 100.200000
-17.500000 146.500000 118.500000 104.500000
-17.000000 149.600000 122.400000 108.800000
-16.500000 152.700000 126.300000 113.100000
-16.000000 155.800000 130.200000 117.400000
-15.500000 158.900000 134.100000 121.700000
-15.000000 162.000000 138.000000 126.000000
-14.500000 165.100000 141.900000 130.300000
-14.000000 168.200000 145.800000 134.600000
-13.500000 171.300000 149.700000 138.900000
-13.000000 174.400000 153.600000 143.200000
-12.500000 177.500000 157.500000 147.500000
-12.000000 180.600000 161.400000 151.800000
-11.500000 183.700000 165.300000 156.100000
-11.000000 186.800000 169.200000 160.400000
-10.500000 189.900000 173.100000 164.700000
-10.000000 193.000000 177.000000 169.000000
-9.500000 196.100000 180.900000 173.300000
-9.000000 199.200000 184.800000 177.600000
-8.500000 202.300000 188.700000 181.900000
-8.000000 205.400000 192.600000 186.200000
-7.500000 208.500000 196.500000 190.500000
-7.000000 211.600000 200.400000 194.800000
-6.500000 214.700000 204.300000 199.100000
-6.000000 217.800000 208.200000 203.400000
-5.500000 220.900000 212.100000 207.700000
-5.000000 224.000000 216.000000 212.000000
-4.500000 227.100000 219.900000 216.300000
-4.000000 230.200000 223.800000 220.600000
-3.500000 233.300000 227.700000 224.900000
-3.000000 236.400000 231.600000 229.200000
-2.500000 239.500000 235.500000 233.500000
-2.000000 242.600000 239.400000 237.800000
-1.500000 245.700000 243.300000 242.100000
-1.000000 248.800000 247.200000 246.400000
-0.500000 251.900000 251.100000 250.700000
0.000000 255.000000 255.000000 255.000000
0.500000 252.300000 252.300000 255.000000
1.000000 249.600000 249.600000 255.000000
1.500000 246.900000 246.900000 255.000000
2.000000 244.200000 244.200000 255.000000
2.500000 241.500000 241.500000 255.000000
3.000000 238.800000 238.800000 255.000000
3.500000 236.100000 236.100000 255.000000
4.000000 233.400000 233.400000 255.000000
4.500000 230.700000 230.700000 255.000000
5.000000 228.000000 228.000000 255.000000
5.500000 225.300000 225.300000 255.000000
6.000000 222.600000 222.600000 255.000000
6.500000 219.900000 219.900000 255.000000
7.000000 217.200000 217.200000 255.000000
7.500000 214.500000 214.500000 255.000000
8.000000 211.800000 211.800000 255.000000
8.500000 209.100000 209.100000 255.000000
9.000000 206.400000 206.400000 255.000000
9.500000 203.700000 203.700000 255.000000
10.000000 201.000000 201.000000 255.000000
10.500000 198.300000 198.300000 255.000000
11.000000 195.600000 195.600000 255.000000
11.500000 192.900000 192.900000 255.000000
12.000000 190.200000 190.200000 255.000000
12.500000 187.500000 187.500000 255.000000
13.000000 184.800000 184.800000 255.000000
13.500000 182.100000 182.100000 255.000000
14.000000 179.400000 179.400000 255.000000
14.500000 176.700000 176.700000 255.000000
15.000000 174.000000 174.000000 255.000000
15.500000 171.300000 171.300000 255.000000
16.000000 168.600000 168.600000 255.000000
16.500000 165.900000 165.900000 255.000000
17.000000 163.200000 163.200000 255.000000
17.500000 160.500000 160.500000 255.000000
18.000000 157.800000 157.800000 255.000000
18.500000 155.100000 155.100000 255.000000
19.000000 152.400000 152.400000 255.000000
19.500000 149.700000 149.700000 255.000000
20.000000 147.000000 147.000000 255.000000
20.500000 144.300000 144.300000 255.000000
21.000000 141.600000 141.600000 255.000000
21.500000 138.900000 138.900000 255.000000
22.000000 136.200000 136.200000 255.000000
22.500000 133.500000 133.500000 255.000000
23.000000 130.800000 130.800000 255.000000
23.500000 128.100000 128.100000 255.000000
24.000000 125.400000 125.400000 255.000000
24.500000 122.700000 122.700000 255.000000
