0.000000 254.003906 254.003906 254.003906
3.000000 190.502930 254.003906 190.502930
6.000000 127.001953 254.003906 127.001953
9.000000 63.500977 254.003906 63.500977
12.000000 0.000000 254.003906 0.000000
15.000000 0.000000 222.377930 0.000000
18.000000 0.000000 190.751953 0.000000
21.000000 0.000000 159.125977 0.000000
24.000000 0.000000 127.500000 0.000000
27.000000 0.000000 145.429688 49.804688
30.000000 0.000000 163.359375 99.609375
33.000000 0.000000 181.289062 149.414062
36.000000 0.000000 199.218750 199.218750
39.000000 0.000000 149.414062 212.915039
42.000000 0.000000 99.609375 226.611328
45.000000 0.000000 49.804688 240.307617
48.000000 0.000000 0.000000 254.003906
51.000000 0.000000 0.000000 222.377930
54.000000 0.000000 0.000000 190.751953
57.000000 0.000000 0.000000 159.125977
60.000000 0.000000 0.000000 127.500000
63.000000 49.804688 0.000000 145.429688
66.000000 99.609375 0.000000 163.359375
69.000000 149.414062 0.000000 181.289062
72.000000 199.218750 0.000000 199.218750
75.000000 212.915039 0.000000 149.414062
78.000000 226.611328 0.000000 99.609375
81.000000 240.307617 0.000000 49.804688
84.000000 254.003906 0.000000 0.000000
87.000000 222.377930 0.000000 0.000000
90.000000 190.751953 0.000000 0.000000
93.000000 159.125977 0.000000 0.000000
96.000000 127.500000 0.000000 0.000000
99.000000 159.125977 37.353516 0.000000
102.000000 190.751953 74.707031 0.000000
105.000000 222.377930 112.060547 0.000000
108.000000 254.003906 149.414062 0.000000
