-20.000000 120.000000 255.000000 120.000000
-19.000000 126.750000 255.000000 126.750000
-18.000000 133.500000 255.000000 133.500000
-17.000000 140.250000 255.000000 140.250000
-16.000000 147.000000 255.000000 147.000000
-15.000000 153.750000 255.000000 153.750000
-14.000000 160.500000 255.000000 160.500000
-13.000000 167.250000 255.000000 167.250000
-12.000000 174.000000 255.000000 174.000000
-11.000000 180.750000 255.000000 180.750000
-10.000000 187.500000 255.000000 187.500000
-9.000000 194.250000 255.000000 194.250000
-8.000000 201.000000 255.000000 201.000000
-7.000000 207.750000 255.000000 207.750000
-6.000000 214.500000 255.000000 214.500000
-5.000000 221.250000 255.000000 221.250000
-4.000000 228.000000 255.000000 228.000000
-3.000000 234.750000 255.000000 234.750000
-2.000000 241.500000 255.000000 241.500000
-1.000000 248.250000 255.000000 248.250000
0.000000 255.000000 255.000000 255.000000
1.000000 252.250000 249.750000 242.250000
2.000000 249.500000 244.500000 229.500000
3.000000 246.750000 239.250000 216.750000
4.000000 244.000000 234.000000 204.000000
5.000000 241.250000 228.750000 191.250000
6.000000 238.500000 223.500000 178.500000
7.000000 235.750000 218.250000 165.750000
8.000000 233.000000 213.000000 153.000000
9.000000 230.250000 207.750000 140.250000
10.000000 227.500000 202.500000 127.500000
11.000000 224.750000 197.250000 114.750000
12.000000 222.000000 192.000000 102.000000
13.000000 219.250000 186.750000 89.250000
14.000000 216.500000 181.500000 76.500000
15.000000 213.750000 176.250000 63.750000
16.000000 211.000000 171.000000 51.000000
17.000000 208.250000 165.750000 38.250000
18.000000 205.500000 160.500000 25.500000
19.000000 202.750000 155.250000 12.750000
