0.000000 254.003906 254.003906 254.003906
5.000000 190.502930 254.003906 190.502930
10.000000 127.001953 254.003906 127.001953
15.000000 63.500977 254.003906 63.500977
20.000000 0.000000 254.003906 0.000000
25.000000 0.000000 222.377930 0.000000
30.000000 0.000000 190.751953 0.000000
35.000000 0.000000 159.125977 0.000000
40.000000 0.000000 127.500000 0.000000
45.000000 0.000000 145.429688 49.804688
50.000000 0.000000 163.359375 99.609375
55.000000 0.000000 181.289062 149.414062
60.000000 0.000000 199.218750 199.218750
65.000000 0.000000 149.414062 212.915039
70.000000 0.000000 99.609375 226.611328
75.000000 0.000000 49.804688 240.307617
80.000000 0.000000 0.000000 254.003906
85.000000 0.000000 0.000000 222.377930
90.000000 0.000000 0.000000 190.751953
95.000000 0.000000 0.000000 159.125977
100.000000 0.000000 0.000000 127.500000
105.000000 49.804688 0.000000 145.429688
110.000000 99.609375 0.000000 163.359375
115.000000 149.414062 0.000000 181.289062
120.000000 199.218750 0.000000 199.218750
125.000000 212.915039 0.000000 149.414062
130.000000 226.611328 0.000000 99.609375
135.000000 240.307617 0.000000 49.804688
140.000000 254.003906 0.000000 0.000000
145.000000 222.377930 0.000000 0.000000
150.000000 190.751953 0.000000 0.000000
155.000000 159.125977 0.000000 0.000000
160.000000 127.500000 0.000000 0.000000
165.000000 159.125977 37.353516 0.000000
170.000000 190.751953 74.707031 0.000000
175.000000 222.377930 112.060547 0.000000
180.000000 254.003906 149.414062 0.000000
