1.000000 20.000000 20.000000 255.000000
2.000000 24.400000 24.400000 254.700000
3.000000 28.800000 28.800000 254.400000
4.000000 33.200000 33.200000 254.100000
5.000000 37.600000 37.600000 253.800000
6.000000 42.000000 42.000000 253.500000
7.000000 46.400000 46.400000 253.200000
8.000000 50.800000 50.800000 252.900000
9.000000 55.200000 55.200000 252.600000
10.000000 59.600000 59.600000 252.300000
11.000000 64.000000 64.000000 252.000000
12.000000 68.400000 68.400000 251.700000
13.000000 72.800000 72.800000 251.400000
14.000000 77.200000 77.200000 251.100000
15.000000 81.600000 81.600000 250.800000
16.000000 86.000000 86.000000 250.500000
17.000000 90.400000 90.400000 250.200000
18.000000 94.800000 94.800000 249.900000
19.000000 99.200000 99.200000 249.600000
20.000000 103.600000 103.600000 249.300000
21.000000 108.000000 108.000000 249.000000
22.000000 112.400000 112.400000 248.700000
23.000000 116.800000 116.800000 248.400000
24.000000 121.200000 121.200000 248.100000
25.000000 125.600000 125.600000 247.800000
26.000000 130.000000 130.000000 247.500000
27.000000 134.400000 134.400000 247.200000
28.000000 138.800000 138.800000 246.900000
29.000000 143.200000 143.200000 246.600000
30.000000 147.600000 147.600000 246.300000
31.000000 152.000000 152.000000 246.000000
32.000000 156.400000 156.400000 245.700000
33.000000 160.800000 160.800000 245.400000
34.000000 165.200000 165.200000 245.100000
35.000000 169.600000 169.600000 244.800000
36.000000 174.000000 174.000000 244.500000
37.000000 178.400000 178.400000 244.200000
38.000000 182.800000 182.800000 243.900000
39.000000 187.200000 187.200000 243.600000
40.000000 191.600000 191.600000 243.300000
41.000000 196.000000 196.000000 243.000000
42.000000 200.400000 200.400000 242.700000
43.000000 204.800000 204.800000 242.400000
44.000000 209.200000 209.200000 242.100000
45.000000 213.600000 213.600000 241.800000
46.000000 218.000000 218.000000 241.500000
47.000000 222.400000 222.400000 241.200000
48.000000 226.800000 226.800000 240.900000
49.000000 231.200000 231.200000 240.600000
50.000000 235.600000 235.600000 240.300000
51.000000 240.000000 240.000000 240.000000
52.000000 236.800000 236.800000 236.800000
53.000000 233.600000 233.600000 233.600000
54.000000 230.400000 230.400000 230.400000
55.000000 227.200000 227.200000 227.200000
56.000000 224.000000 224.000000 224.000000
57.000000 220.800000 220.800000 220.800000
58.000000 217.600000 217.600000 217.600000
59.000000 214.400000 214.400000 214.400000
60.000000 211.200000 211.200000 211.200000
61.000000 208.000000 208.000000 208.000000
62.000000 204.800000 204.800000 204.800000
63.000000 201.600000 201.600000 201.600000
64.000000 198.400000 198.400000 198.400000
65.000000 195.200000 195.200000 195.200000
66.000000 192.000000 192.000000 192.000000
67.000000 188.800000 188.800000 188.800000
68.000000 185.600000 185.600000 185.600000
69.000000 182.400000 182.400000 182.400000
70.000000 179.200000 179.200000 179.200000
71.000000 176.000000 176.000000 176.000000
72.000000 172.800000 172.800000 172.800000
73.000000 169.600000 169.600000 169.600000
74.000000 166.400000 166.400000 166.400000
75.000000 163.200000 163.200000 163.200000
76.000000 160.000000 160.000000 160.000000
77.000000 156.800000 156.800000 156.800000
78.000000 153.600000 153.600000 153.600000
79.000000 150.400000 150.400000 150.400000
80.000000 147.200000 147.200000 147.200000
81.000000 144.000000 144.000000 144.000000
82.000000 140.800000 140.800000 140.800000
83.000000 137.600000 137.600000 137.600000
84.000000 134.400000 134.400000 134.400000
85.000000 131.200000 131.200000 131.200000
86.000000 128.000000 128.000000 128.000000
87.000000 124.800000 124.800000 124.800000
88.000000 121.600000 121.600000 121.600000
89.000000 118.400000 118.400000 118.400000
90.000000 115.200000 115.200000 115.200000
91.000000 112.000000 112.000000 112.000000
92.000000 108.800000 108.800000 108.800000
93.000000 105.600000 105.600000 105.600000
94.000000 102.400000 102.400000 102.400000
95.000000 99.200000 99.200000 99.200000
96.000000 96.000000 96.000000 96.000000
97.000000 92.800000 92.800000 92.800000
98.000000 89.600000 89.600000 89.600000
99.000000 86.400000 86.400000 86.400000
100.000000 83.200000 83.200000 83.200000
