0.000000000000000000e+00
0.000000000000000000e+00
0.000000000000000000e+00
9.000000109999999331e-01
-1.333333324444444523e-01
5.624999982421874378e-01
-6.428571382653058830e-01
-1.249999984374998846e-01
9.090909070247934487e-01
4.583333352430560836e-01
8.600682589966102132e-01
-1.160621762259389511e+00
2.559366755292706852e-01
4.112554113444273907e-01
-1.692307694911242777e+00
0.000000000000000000e+00
-2.083333339120372774e+00
-2.772643253747257841e-01
4.200743495204598554e-01
-1.284788030245583279e+01
-3.100000310000045545e+01
-1.578947376731302532e-01
-1.346153856508874114e+01
-9.644970419908270864e-01
2.058823527897924999e-01
3.333333055555550706e-01
-9.888888756790125356e+00
-2.391304353024573948e-01
2.368421046398892504e-01
-1.750000021875000034e+00
-6.315789440443213554e-01
-1.272463768162045428e+00
