0.000000000000000000e+00
5.319148936170208231e+00
1.005976095617525878e+01
-1.264880952380956103e+01
-1.283914728682161943e+00
2.704291593180490505e+00
-3.670370370370369528e+01
-3.271889400921657476e+00
-1.409090909090909634e+02
-8.141962421711923525e+00
5.399408284023693660e+00
-1.153846153846201483e+00
1.286749041329355059e+01
1.855444305381725911e+01
-1.367088607594945771e+00
-1.338181818181818414e+02
1.276595744680849265e+01
7.617504051863853931e+00
8.558282208588972040e+00
-5.394285714285728339e+00
1.901515151515152269e+01
2.490660024906603820e-01
-8.944543828264859275e-01
-1.601731601731620769e+00
1.228273464658168912e+01
2.275312855517634958e+01
4.489795918367350147e+00
-6.689684937419070998e+00
-2.011922503725783962e+00
8.297567954220307129e+00
1.163708086785034013e+00
-1.031082730772843092e+01
