0.000000000000000000e+00
0.000000000000000000e+00
0.000000000000000000e+00
4.999999750000012178e+00
0.000000000000000000e+00
3.999999920000001818e+00
0.000000000000000000e+00
-3.124999902343752467e+00
3.481481432318244629e+01
5.062250375687373349e+00
-3.180751889683820721e+00
-2.971417591090752541e+00
-1.250989070063630315e+01
-2.563459578875735723e+00
9.361793197861917326e-01
-1.273436804343428097e+00
-1.474169207135742177e+01
-3.732579977791107062e+00
-1.355875462067542170e+00
-1.754131111126903519e+01
-3.123064631108381839e+00
-3.306713972303366500e+00
6.429670501519920478e+00
4.717613536779146521e+00
-1.603132831756606036e+00
-8.333332638888947486e+00
1.147244802811051301e+01
-6.180124192194992538e+00
1.999999960000000909e+00
-1.999999940131580445e+01
-1.865460706051491169e+00
-5.497352057710807927e+00
