1.000000 100.000000 60.000000 40.000000
2.000000 130.000000 98.000000 82.000000
3.000000 160.000000 136.000000 124.000000
4.000000 190.000000 174.000000 166.000000
5.000000 220.000000 212.000000 208.000000
6.000000 250.000000 250.000000 250.000000
7.000000 240.000000 240.000000 250.200000
8.000000 230.000000 230.000000 250.400000
9.000000 220.000000 220.000000 250.600000
10.000000 210.000000 210.000000 250.800000
11.000000 200.000000 200.000000 251.000000
12.000000 190.000000 190.000000 251.200000
13.000000 180.000000 180.000000 251.400000
14.000000 170.000000 170.000000 251.600000
15.000000 160.000000 160.000000 251.800000
16.000000 150.000000 150.000000 252.000000
17.000000 140.000000 140.000000 252.200000
18.000000 130.000000 130.000000 252.400000
19.000000 120.000000 120.000000 252.600000
20.000000 110.000000 110.000000 252.800000
21.000000 100.000000 100.000000 253.000000
22.000000 90.000000 90.000000 253.200000
23.000000 80.000000 80.000000 253.400000
24.000000 70.000000 70.000000 253.600000
25.000000 60.000000 60.000000 253.800000
26.000000 50.000000 50.000000 254.000000
27.000000 40.000000 40.000000 254.200000
28.000000 30.000000 30.000000 254.400000
29.000000 20.000000 20.000000 254.600000
30.000000 10.000000 10.000000 254.800000
