0.000000 254.003906 254.003906 254.003906
1.000000 190.502930 254.003906 190.502930
2.000000 127.001953 254.003906 127.001953
3.000000 63.500977 254.003906 63.500977
4.000000 0.000000 254.003906 0.000000
5.000000 0.000000 222.377930 0.000000
6.000000 0.000000 190.751953 0.000000
7.000000 0.000000 159.125977 0.000000
8.000000 0.000000 127.500000 0.000000
9.000000 0.000000 145.429688 49.804688
10.000000 0.000000 163.359375 99.609375
11.000000 0.000000 181.289062 149.414062
12.000000 0.000000 199.218750 199.218750
13.000000 0.000000 149.414062 212.915039
14.000000 0.000000 99.609375 226.611328
15.000000 0.000000 49.804688 240.307617
16.000000 0.000000 0.000000 254.003906
17.000000 0.000000 0.000000 222.377930
18.000000 0.000000 0.000000 190.751953
19.000000 0.000000 0.000000 159.125977
20.000000 0.000000 0.000000 127.500000
21.000000 49.804688 0.000000 145.429688
22.000000 99.609375 0.000000 163.359375
23.000000 149.414062 0.000000 181.289062
24.000000 199.218750 0.000000 199.218750
25.000000 212.915039 0.000000 149.414062
26.000000 226.611328 0.000000 99.609375
27.000000 240.307617 0.000000 49.804688
28.000000 254.003906 0.000000 0.000000
29.000000 222.377930 0.000000 0.000000
30.000000 190.751953 0.000000 0.000000
31.000000 159.125977 0.000000 0.000000
32.000000 127.500000 0.000000 0.000000
33.000000 159.125977 37.353516 0.000000
34.000000 190.751953 74.707031 0.000000
35.000000 222.377930 112.060547 0.000000
36.000000 254.003906 149.414062 0.000000
