0.000000 255.000000 255.000000 255.000000
0.100000 240.000000 252.000000 240.000000
3.000000 232.400000 248.600000 228.400000
6.000000 214.800000 247.200000 206.800000
9.000000 197.200000 245.800000 185.200000
12.000000 179.600000 244.400000 163.600000
15.000000 162.000000 243.000000 142.000000
18.000000 140.800000 227.800000 114.000000
21.000000 119.600000 212.600000 86.000000
24.000000 98.400000 197.400000 58.000000
27.000000 77.200000 182.200000 30.000000
30.000000 56.000000 167.000000 2.000000
33.000000 63.600000 170.400000 51.800000
36.000000 71.200000 173.800000 101.600000
39.000000 78.800000 177.200000 151.400000
42.000000 86.400000 180.600000 201.200000
45.000000 94.000000 184.000000 251.000000
48.000000 75.400000 147.400000 250.400000
51.000000 56.800000 110.800000 249.800000
54.000000 38.200000 74.200000 249.200000
57.000000 19.600000 37.600000 248.600000
60.000000 1.000000 1.000000 248.000000
63.000000 1.000000 23.800000 213.600000
66.000000 1.000000 46.600000 179.200000
69.000000 1.000000 69.400000 144.800000
72.000000 1.000000 92.200000 110.400000
75.000000 1.000000 115.000000 76.000000
78.000000 51.200000 92.200000 110.400000
81.000000 101.400000 69.400000 144.800000
84.000000 151.600000 46.600000 179.200000
87.000000 201.800000 23.800000 213.600000
90.000000 252.000000 1.000000 248.000000
93.000000 247.400000 16.000000 198.600000
96.000000 242.800000 31.000000 149.200000
99.000000 238.200000 46.000000 99.800000
102.000000 233.600000 61.000000 50.400000
105.000000 229.000000 76.000000 1.000000
108.000000 206.000000 63.600000 4.400000
111.000000 183.000000 51.200000 7.800000
114.000000 160.000000 38.800000 11.200000
117.000000 137.000000 26.400000 14.600000
120.000000 114.000000 14.000000 18.000000
