-24.000000 182.000000 106.000000 40.000000
-23.000000 182.000000 106.000000 40.000000
-22.000000 187.750000 112.750000 45.750000
-21.000000 193.500000 119.500000 51.500000
-20.000000 199.250000 126.250000 57.250000
-19.000000 205.000000 133.000000 63.000000
-18.000000 210.000000 141.000000 72.250000
-17.000000 215.000000 149.000000 81.500000
-16.000000 220.000000 157.000000 90.750000
-15.000000 225.000000 165.000000 100.000000
-14.000000 230.000000 175.000000 108.000000
-13.000000 235.000000 185.000000 116.000000
-12.000000 240.000000 195.000000 124.000000
-11.000000 245.000000 205.000000 132.000000
-10.000000 245.000000 209.750000 138.500000
-9.000000 245.000000 214.500000 145.000000
-8.000000 245.000000 219.250000 151.500000
-7.000000 245.000000 224.000000 158.000000
-6.000000 247.500000 229.250000 165.000000
-5.000000 250.000000 234.500000 172.000000
-4.000000 252.500000 239.750000 179.000000
-3.000000 255.000000 245.000000 186.000000
-2.000000 255.000000 247.500000 203.250000
-1.000000 255.000000 250.000000 220.500000
0.000000 255.000000 252.500000 237.750000
1.000000 255.000000 255.000000 255.000000
2.000000 242.500000 255.000000 242.500000
3.000000 230.000000 255.000000 230.000000
4.000000 217.500000 255.000000 217.500000
5.000000 205.000000 255.000000 205.000000
6.000000 192.000000 251.250000 198.250000
7.000000 179.000000 247.500000 191.500000
8.000000 166.000000 243.750000 184.750000
9.000000 153.000000 240.000000 178.000000
10.000000 135.500000 227.250000 173.250000
11.000000 118.000000 214.500000 168.500000
12.000000 100.500000 201.750000 163.750000
13.000000 83.000000 189.000000 159.000000
14.000000 89.750000 184.250000 169.250000
15.000000 96.500000 179.500000 179.500000
16.000000 103.250000 174.750000 189.750000
17.000000 110.000000 170.000000 200.000000
18.000000 83.750000 155.500000 194.000000
19.000000 57.500000 141.000000 188.000000
20.000000 31.250000 126.500000 182.000000
21.000000 5.000000 112.000000 176.000000
22.000000 4.250000 98.000000 154.000000
23.000000 3.500000 84.000000 132.000000
24.000000 2.750000 70.000000 110.000000
