diamond 16 sta2515 2517
45001   2212  11401    6
45004   2219  11410    6
45005   2218  11410    6
45007   2219  11412    6
45009   2211  11418    6
45011   2212  11332    6
50136   5328  12222    6
50204   5250  12311    6
50246   5219  12443    6
50247   5203  12340    6
50349   5142  12420    6
50353   5143  12639    6
50425   5015  12011    6
50431   5047  12131    6
50434   5029  12141    6
50442   5024  12407    6
50445   5035  12344    6
50468   5015  12727    6
50514   4934  11726    6
50524   4919  11926    6
50525   4909  11945    6
50526   4917  12042    6
50527   4913  11945    6
50548   4912  12343    6
50557   4910  12514    6
50564   4926  12721    6
50566   4935  12828    6
50603   4840  11649    6
50618   4813  11816    6
50632   4846  12155    6
50639   4800  12244    6
50645   4828  12429    6
50646   4829  12451    6
50647   4807  12329    6
50655   4830  12611    6
50656   4817  12631    6
50658   4803  12553    6
50659   4802  12615    6
50673   4853  13024    6
50674   4834  12926    6
50727   4710  11957    6
50739   4720  12311    6
50741   4756  12330    6
50742   4748  12429    6
50745   4723  12355    6
50749   4711  12450    6
50750   4754  12518    6
50755   4736  12606    6
50756   4726  12658    6
50758   4710  12554    6
50767   4714  12706    6
50772   4807  12915    6
50774   4744  12855    6
50775   4722  13020    6
50776   4734  13050    6
50778   4739  13230    6
50779   4822  13417    6
50787   4717  13151    6
50788   4714  13159    6
50832   4643  12205    6
50833   4643  12254    6
50834   4636  12113    6
50838   4605  12203    6
50842   4652  12426    6
50844   4624  12325    6
50851   4641  12606    6
50852   4652  12629    6
50853   4637  12658    6
50854   4623  12519    6
50858   4604  12558    6
50859   4615  12616    6
50861   4653  12729    6
50862   4659  12801    6
50867   4605  12721    6
50871   4644  12953    6
50873   4649  13017    6
50877   4618  12935    6
50878   4701  13043    6
50879   4612  13031    6
50880   4643  13108    6
50884   4638  13109    6
50888   4619  13211    6
50892   4648  13400    6
50913   4543  11848    6
50915   4531  11658    6
50928   4504  12020    6
50934   4524  12133    6
50936   4538  12250    6
50937   4503  12128    6
50939   4520  12249    6
50940   4551  12310    6
50945   4530  12416    6
50946   4511  12450    6
50948   4500  12401    6
50949   4507  12450    6
50950   4542  12515    6
50953   4545  12646    6
50954   4530  12505    6
50955   4523  12618    6
50956   4600  12636    6
50958   4531  12658    6
50960   4547  12727    6
50962   4557  12802    6
50963   4558  12844    6
50964   4550  12848    6
50965   4527  12818    6
50968   4513  12758    6
50973   4545  13035    6
50978   4517  13057    6
50979   4516  13014    6
50983   4546  13258    6
50985   4533  13152    6
50987   4515  13108    6
51053   4803   8624    6
51057   4808   8536    6
51058   4706   8637    6
51059   4726   8552    6
51060   4742   8652    6
51068   4707   8728    6
51076   4744   8805    6
51087   4659   8931    6
51133   4644   8300    6
51137   4612   8256    6
51145   4633   8339    6
51156   4647   8543    6
51186   4640   9023    6
51232   4511   8235    6
51238   4454   8204    6
51241   4556   8336    6
51243   4577   8451    6
51288   4522   9032    6
51328   4412   8025    6
51329   4403   8051    6
51330   4458   8101    6
51334   4437   8254    6
51346   4426   8440    6
51352   4451   8515    6
51353   4501   8606    6
51356   4419   8603    6
51357   4420   8537    6
51358   4417   8549    6
51359   4419   8612    6
51365   4412   8732    6
51367   4408   8649    6
51368   4401   8726    6
51369   4458   8739    6
51377   4410   8755    6
51378   4401   8910    6
51379   4401   8934    6
51430   4351   8109    6
51431   4357   8120    6
51433   4348   8234    6
51434   4358   8132    6
51435   4328   8214    6
51436   4327   8318    6
51437   4309   8108    6
51438   4311   8146    6
51463   4347   8737    6
51465   4334   8706    6
51467   4244   8618    6
51468   4306   8650    6
51469   4317   8707    6
51470   4353   8807    6
51477   4321   8819    6
51482   4350   9017    6
51495   4329   9138    6
51526   4214   8813    6
51542   4302   8409    6
51559   4219   8624    6
51567   4205   8634    6
51568   4215   8648    6
51571   4248   8838    6
51572   4250   8915    6
51573   4256   8912    6
51581   4251   9014    6
51627   4113   7914    6
51628   4110   8014    6
51629   4116   8014    6
51633   4147   8154    6
51636   4132   8237    6
51639   4114   8247    6
51642   4147   8415    6
51644   4143   8304    6
51655   4121   8616    6
51656   4145   8608    6
51701   4031   7524    6
51704   3943   7610    6
51705   3943   7515    6
51707   3930   7644    6
51708   3909   7557    6
51709   3928   7559    6
51711   4056   7827    6
51716   3948   7834    6
51717   3915   7647    6
51720   4030   7903    6
51722   4039   8024    6
51730   4030   8103    6
51765   4038   8742    6
51777   3902   8810    6
51802   3856   7610    6
51804   3747   7514    6
51810   3855   7738    6
51811   3826   7716    6
51814   3755   7724    6
51815   3811   7716    6
51818   3737   7817    6
51826   3701   8048    6
51827   3717   7943    6
51828   3708   7956    6
51829   3705   8010    6
51839   3704   8243    6
51848   3756   8339    6
51855   3809   8533    6
51886   3815   9051    6
51931   3651   8139    6
52101   4336   9300    6
52112   4346   9508    6
52118   4316   9442    6
52203   4249   9331    6
52211   4246   9432    6
52267   4157  10104    6
52313   4132   9440    6
52323   4148   9702    6
52378   4122  10222    6
52418   4009   9441    6
52424   4032   9546    6
52436   4016   9702    6
52446   4018   9931    6
52447   4000   9854    6
52495   4010  10448    6
52515   3931   9453    6
52533   3946   9829    6
52546   3922   9950    6
52557   3909  10010    6
52575   3918  10242    6
52576   3913  10141    6
52602   3845   9320    6
52607   3803  10508    6
52633   3848   9825    6
52643   3850   9937    6
52645   3825   9935    6
52652   3856  10026    6
52656   3827  10049    6
52657   3811  10015    6
52661   3848  10105    6
52674   3814  10158    6
52675   3832  10212    6
52679   3755  10240    6
52681   3838  10305    6
52707   3640   9331    6
52713   3751   9522    6
52737   3722   9722    6
52740   3705   9935    6
52745   3718   9902    6
52749   3705   9935    6
52754   3720  10008    6
52765   3723  10137    6
52784   3729  10254    6
52787   3712  10252    6
52797   3711  10403    6
52815   3648   9518    6
52818   3625   9454    6
52825   3626   9625    6
52833   3655   9829    6
52835   3604   9748    6
52836   3618   9806    6
52842   3647   9905    6
52853   3655  10059    6
52854   3637  10016    6
52855   3641  10114    6
52856   3616  10037    6
52862   3657  10141    6
52863   3649  10157    6
52866   3643  10145    6
52868   3602  10126    6
52869   3631  10134    6
52874   3629  10223    6
52875   3630  10206    6
52876   3619  10251    6
52877   3606  10216    6
52885   3645  10315    6
52887   3621  10356    6
52889   3603  10353    6
52895   3634  10441    6
52896   3633  10411    6
52908   3513   9305    6
52941   3553   9959    6
52943   3535   9959    6
52955   3535  10045    6
52957   3516  10039    6
52963   3557  10202    6
52968   3502  10128    6
52972   3550  10233    6
52978   3512  10231    6
52980   3558  10318    6
52981   3540  10324    6
52982   3529  10334    6
52983   3552  10409    6
52984   3535  10311    6
52985   3526  10321    6
52986   3522  10352    6
52988   3522  10343    6
52993   3541  10505    6
52995   3535  10437    6
52996   3523  10500    6
52998   3508  10412    6
53068   4339  11158    6
53083   4437  11409    6
53149   4232  11008    6
53192   4401  11457    6
53194   4322  11424    6
53195   4352  11338    6
53201   4252  11548    6
53231   4124  10624    6
53272   4245  11239    6
53276   4224  11254    6
53289   4214  11350    6
53324   4127  10659    6
53336   4134  10831    6
53337   4106  10816    6
53343   4146  10958    6
53348   4101  10908    6
53352   4142  11026    6
53357   4102  11003    6
53362   4132  11141    6
53367   4119  11114    6
53368   4106  11127    6
53378   4116  11237    6
53384   4127  11311    6
53385   4134  11333    6
53391   4154  11400    6
53392   4151  11436    6
53397   4104  11357    6
53399   4109  11442    6
53419   4020  10700    6
53420   4054  10708    6
53424   4046  10714    6
53433   4044  10839    6
53446   4044  10951    6
53451   4040  11016    6
53455   4033  11032    6
53457   4024  11002    6
53463   4049  11141    6
53464   4041  11109    6
53466   4048  11142    6
53467   4016  11111    6
53469   4023  11148    6
53472   4052  11234    6
53475   4031  11231    6
53478   4000  11227    6
53480   4102  11304    6
53481   4048  11313    6
53483   4053  11352    6
53484   4027  11304    6
53486   4022  11346    6
53487   4006  11320    6
53488   4002  11335    6
53490   4026  11403    6
53491   4041  11424    6
53492   4007  11410    6
53498   4034  11502    6
53499   4046  11444    6
53502   3947  10545    6
53505   3905  10523    6
53512   3941  10648    6
53513   4045  10725    6
53517   3916  10620    6
53518   3900  10622    6
53519   3913  10646    6
53522   4003  10751    6
53529   3906  10759    6
53533   3951  10844    6
53543   3950  10959    6
53545   3934  10944    6
53547   3906  10902    6
53553   3940  11052    6
53562   3955  11140    6
53564   3923  11109    6
53565   3926  11130    6
53567   3702  11105    6
53573   4000  11242    6
53574   3931  11216    6
53575   3905  11211    6
53576   3930  11249    6
53577   3900  11218    6
53578   3918  11226    6
53579   3901  11254    6
53580   3949  11306    6
53582   3943  11341    6
53584   3934  11310    6
53585   3910  11316    6
53588   3902  11332    6
53590   3945  11416    6
53593   3950  11434    6
53594   3927  11411    6
53596   3850  11509    6
53599   3921  11440    6
53602   3850  10540    6
53610   3807  10618    6
53610   3833  10621    6
53611   3854  10633    6
53612   3759  10611    6
53614   3829  10613    6
53615   3848  10642    6
53617   3801  10604    6
53618   3815  10615    6
53644   3836  10850    6
53646   3814  10942    6
53651   3849  11026    6
53658   3802  11029    6
53659   3758  11100    6
53660   3901  11105    6
53662   3843  11135    6
53663   3855  11149    6
53664   3828  11108    6
53665   3817  11139    6
53666   3821  11156    6
53669   3804  11147    6
53673   3844  11243    6
53674   3825  11242    6
53676   3830  11259    6
53677   3756  11229    6
53678   3804  11240    6
53679   3744  11233    6
53680   3818  11423    6
53681   3850  11322    6
53682   3838  11441    6
53685   3804  11325    6
53687   3747  11338    6
53688   3827  11433    6
53689   3801  11504    6
53690   3851  11411    6
53691   3809  11434    6
53692   3844  11459    6
53693   3802  11408    6
53694   3815  11412    6
53695   3821  11441    6
53696   3831  11500    6
53697   3801  11450    6
53698   3802  11425    6
53699   3812  11458    6
53704   3732  10511    6
53705   3729  10540    6
53723   3747  10724    6
53725   3735  10735    6
53727   3710  10707    6
53730   3811  10729    6
53732   3751  10843    6
53735   3737  10848    6
53738   3655  10810    6
53740   3756  10914    6
53748   3711  10942    6
53750   3746  11010    6
53751   3736  11003    6
53753   3726  11053    6
53754   3730  11013    6
53756   3731  11043    6
53757   3707  11007    6
53759   3659  11050    6
53760   3753  11114    6
53763   3755  11210    6
53764   3730  11106    6
53767   3720  11110    6
53768   3709  11145    6
53769   3715  11147    6
53770   3721  11221    6
53771   3727  11203    6
53772   3747  11233    6
53773   3620  11437    6
53774   3737  11220    6
53775   3726  11232    6
53776   3741  11246    6
53777   3732  11209    6
53778   3711  11213    6
53780   3754  11310    6
53781   3652  11428    6
53782   3751  11333    6
53783   3736  11342    6
53784   3746  11444    6
53785   3730  11441    6
53786   3705  11322    6
53787   3704  11259    6
53788   3720  11334    6
53789   3753  11438    6
53790   3736  11437    6
53791   3745  11432    6
53792   3727  11423    6
53793   3710  11357    6
53794   3721  11445    6
53795   3739  11422    6
53796   3737  11453    6
53797   3717  11430    6
53798   3704  11430    6
53799   3713  11502    6
53806   3634  10539    6
53810   3659  10554    6
53817   3600  10616    6
53821   3635  10718    6
53829   3559  10754    6
53832   3646  10846    6
53833   3708  11442    6
53841   3653  10919    6
53845   3636  10930    6
53848   3616  10921    6
53850   3653  11011    6
53852   3646  11038    6
53853   3642  11057    6
53854   3635  11004    6
53856   3628  11045    6
53857   3604  11011    6
53859   3606  11041    6
53860   3659  11110    6
53861   3553  11125    6
53862   3651  11148    6
53863   3702  11155    6
53864   3624  11106    6
53865   3639  11133    6
53866   3614  11140    6
53868   3604  11130    6
53869   3635  11143    6
53871   3650  11251    6
53872   3646  11241    6
53873   3607  11252    6
53874   3616  11155    6
53875   3631  11221    6
53877   3610  11215    6
53878   3631  11323    6
53879   3619  11253    6
53880   3620  11314    6
53881   3717  10629    6
53882   3603  11304    6
53884   3631  11302    6
53885   3608  11312    6
53886   3634  11340    6
53888   3612  11326    6
53889   3604  11349    6
53890   3643  11412    6
53891   3700  11441    6
53892   3636  11430    6
53893   3646  11457    6
53894   3625  11413    6
53895   3646  11436    6
53896   3621  11457    6
53897   3623  11423    6
53898   3607  11422    6
53899   3629  11458    6
53903   3558  10543    6
53906   3531  10543    6
53908   3513  10514    6
53910   3540  10612    6
53914   3537  10607    6
53915   3533  10640    6
53916   3530  10619    6
53917   3513  10603    6
53923   3544  10738    6
53924   3509  10724    6
53925   3541  10711    6
53926   3520  10721    6
53927   3513  10638    6
53928   3518  10701    6
53929   3512  10748    6
53930   3627  10759    6
53931   3600  10923    6
53934   3549  10801    6
53935   3530  10821    6
53937   3525  10800    6
53938   3510  10818    6
53941   3511  10935    6
53942   3549  10930    6
53944   3533  10919    6
53945   3526  10904    6
53946   3536  10949    6
53947   3505  10904    6
53948   3457  10935    6
53949   3511  10955    6
53950   3514  11009    6
53953   3558  11051    6
53954   3535  11057    6
53955   3528  11027    6
53956   3524  11050    6
53957   3537  11043    6
53958   3509  11043    6
53959   3502  11101    6
53961   3539  11129    6
53962   3544  11142    6
53963   3539  11122    6
53964   3537  11113    6
53965   3531  11134    6
53966   3559  11150    6
53967   3520  11112    6
53968   3510  11148    6
53970   3542  11211    6
53972   3507  11255    6
53973   3547  11255    6
53974   3537  11411    6
53975   3529  11224    6
53976   3531  11250    6
53978   3505  11238    6
53979   3511  11303    6
53980   3633  11448    6
53981   3547  11316    6
53982   3514  11316    6
53983   3502  11425    6
53984   3514  11325    6
53985   3527  11349    6
53986   3519  11353    6
53987   3506  11324    6
53988   3516  11340    6
53989   3503  11357    6
53990   3554  11410    6
53991   3556  11421    6
53992   3541  11433    6
53993   3556  11455    6
53994   3523  11404    6
53995   3535  11430    6
53996   3627  11442    6
53997   3509  11411    6
53998   3512  11439    6
54001   4443  11507    6
54010   4450  11622    6
54012   4435  11736    6
54024   4427  11918    6
54026   4434  12054    6
54027   4359  11924    6
54031   4453  12149    6
54039   4402  12201    6
54041   4447  12304    6
54047   4408  12318    6
54049   4415  12358    6
54063   4458  12600    6
54064   4425  12510    6
54065   4432  12540    6
54069   4410  12548    6
54072   4450  12632    6
54705   3722  11523    6
54076   4425  12656    6
54080   4454  12709    6
54092   4435  12924    6
54093   4456  13033    6
54094   4434  12936    6
54096   4423  13109    6
54098   4420  12928    6
54099   4406  13111    6
54102   4357  11604    6
54103   4344  12232    6
54113   4332  11839    6
54115   4336  11804    6
54117   4315  11732    6
54122   4353  12003    6
54132   4224  12104    6
54134   4336  12117    6
54135   4345  12216    6
54142   4330  12332    6
54154   4321  12418    6
54155   4340  12414    6
54156   4331  12448    6
54157   4311  12420    6
54161   4354  12513    6
54164   4321  12517    6
54165   4330  12539    6
54169   4318  12601    6
54171   4342  12631    6
54172   4357  12628    6
54181   4342  12720    6
54186   4322  12812    6
54187   4307  12855    6
54192   4342  13015    6
54195   4320  12946    6
54204   4218  11500    6
54205   4215  11559    6
54208   4211  11628    6
54209   4216  11705    6
54213   4257  11902    6
54214   4235  11825    6
54218   4216  11858    6
54219   4216  11856    6
54223   4251  12039    6
54225   4217  11955    6
54226   4220  12042    6
54231   4258  12221    6
54234   4244  12147    6
54236   4225  12232    6
54237   4202  12139    6
54243   4247  12407    6
54244   4245  12320    6
54245   4230  12324    6
54247   4148  12315    6
54248   4202  12332    6
54249   4218  12352    6
54252   4244  12445    6
54254   4232  12403    6
54259   4206  12455    6
54260   4255  12505    6
54261   4241  12527    6
54263   4257  12603    6
54266   4232  12538    6
54267   4215  12544    6
54273   4259  12645    6
54274   4241  12604    6
54276   4221  12649    6
54284   4206  12734    6
54285   4232  12815    6
54286   4232  12900    6
54287   4201  12805    6
54290   4246  12924    6
54291   4254  13017    6
54292   4253  12928    6
54293   4257  12950    6
54301   4140  11542    6
54304   4058  11517    6
54305   4153  11516    6
54308   4113  11638    6
54311   4156  11745    6
54313   4156  11842    6
54316   4131  11845    6
54318   4149  11743    6
54319   4100  11840    6
54320   4136  11921    6
54321   4152  11938    6
54323   4149  12045    6
54324   4133  12027    6
54325   4111  12021    6
54326   4123  11942    6
54327   4114  11921    6
54328   4105  11943    6
54330   4119  12122    6
54331   4135  12146    6
54332   4131  12243    6
54333   4159  12250    6
54334   4131  12114    6
54335   4141  12205    6
54336   4123  12226    6
54337   4108  12107    6
54338   4111  12201    6
54339   4105  12300    6
54340   4139  12319    6
54342   4144  12327    6
54345   4112  12304    6
54346   4119  12347    6
54347   4114  12310    6
54348   4125  12319    6
54349   4118  12417    6
54351   4155  12405    6
54353   4144  12503    6
54362   4140  12545    6
54363   4141  12554    6
54365   4116  12521    6
54371   4156  12626    6
54374   4148  12655    6
54377   4106  12609    6
54386   4221  12810    6
54398   4007  11638    6
54399   3959  11617    6
54401   4047  11453    6
54404   4054  11550    6
54405   4024  11530    6
54406   4027  11558    6
54408   4023  11513    6
54409   4021  11600    6
54410   4036  11608    6
54412   4044  11638    6
54416   4023  11652    6
54419   4019  11638    6
54420   4056  11720    6
54421   4039  11707    6
54422   4100  11757    6
54423   4058  11756    6
54424   4009  11706    6
54425   4025  11729    6
54428   4002  11724    6
54429   4012  11757    6
54430   4046  11810    6
54431   3955  11638    6
54432   4036  11829    6
54433   3957  11629    6
54434   4009  11818    6
54436   4024  11857    6
54437   3930  11840    6
54438   3953  11852    6
54439   4000  11843    6
54449   3956  11936    6
54452   4048  11949    6
54453   4046  12050    6
54454   4021  12021    6
54455   4035  12042    6
54470   4059  12204    6
54471   4040  12216    6
54472   4053  12243    6
54474   4025  12221    6
54475   4037  12229    6
54476   4010  12209    6
54483   4053  12354    6
54486   4017  12317    6
54493   4043  12447    6
54494   4028  12404    6
54497   4003  12420    6
54499   4013  11613    6
54501   3958  11541    6
54502   3929  11558    6
54503   3903  11551    6
54504   3926  11510    6
54505   3955  11607    6
54506   3920  11551    6
54507   3921  11530    6
54508   3923  11542    6
54510   3953  11659    6
54511   3956  11617    6
54512   3926  11617    6
54513   3956  11611    6
54514   3952  11615    6
54515   3930  11642    6
54517   3906  11710    6
54518   3907  11623    6
54519   3919  11629    6
54520   3958  11705    6
54521   3946  11659    6
54522   3953  11744    6
54523   3924  11706    6
54525   3944  11717    6
54526   3904  11725    6
54527   3905  11704    6
54528   3913  11707    6
54529   3921  11749    6
54530   3914  11746    6
54531   3944  11845    6
54532   3948  11806    6
54533   3933  11807    6
54534   3940  11809    6
54535   3917  11827    6
54539   3925  11854    6
54540   3943  11910    6
54541   3953  11914    6
54563   3938  12201    6
54568   3905  12142    6
54569   3924  12158    6
54575   3925  12222    6
54579   3916  12235    6
54584   3943  12257    6
54587   3904  12313    6
54594   3945  11620    6
54596   3942  11600    6
54597   3944  11544    6
54601   3901  11539    6
54602   3851  11531    6
54603   3841  11547    6
54604   3825  11520    6
54605   3855  11556    6
54606   3814  11544    6
54607   3843  11507    6
54608   3800  11533    6
54609   3814  11531    6
54610   3843  11605    6
54611   3857  11519    6
54612   3852  11627    6
54613   3842  11637    6
54614   3827  11605    6
54615   3835  11650    6
54616   3820  11650    6
54617   3811  11607    6
54618   3802  11617    6
54619   3855  11655    6
54620   3829  11534    6
54621   3811  11511    6
54622   3859  11722    6
54623   3900  11743    6
54624   3822  11721    6
54626   3825  11549    6
54627   3802  11714    6
54628   3809  11729    6
54631   3704  11509    6
54632   3704  11502    6
54633   3731  11514    6
54636   3859  11606    6
54640   3655  11452    6
54644   3803  11705    6
54645   3850  11730    6
54646   3827  11825    6
54660   3849  12114    6
54662   3854  12138    6
54700   3802  11559    6
54701   3755  11513    6
54702   3744  11542    6
54703   3748  11553    6
54704   3733  11534    6
54706   3704  11539    6
54707   3656  10515    6
54707   3721  11559    6
54708   3731  11543    6
54709   3713  11604    6
54710   3752  11610    6
54711   3741  11618    6
54712   3711  11652    6
54713   3753  11632    6
54714   3726  11619    6
54715   3720  11634    6
54716   3739  11648    6
54717   3718  11624    6
54718   3709  11626    6
54719   3802  11641    6
54722   3746  11735    6
54723   3739  11734    6
54724   3720  11710    6
54725   3730  11732    6
54726   3743  11711    6
54727   3643  11734    6
54728   3746  11723    6
54729   3710  11747    6
54730   3741  11807    6
54731   3729  11814    6
54732   3753  11832    6
54734   3722  11801    6
54736   3726  11840    6
54737   3709  11808    6
54738   3703  11821    6
54744   3736  11832    6
54749   3711  11956    6
54751   3756  12043    6
54752   3748  12046    6
54753   3737  12019    6
54755   3721  12023    6
54759   3718  12049    6
54764   3730  12115    6
54765   3732  12124    6
54766   3723  12135    6
54774   3728  12208    6
54776   3724  12241    6
54777   3711  12202    6
54778   3710  12223    6
54800   3659  11515    6
54801   3651  11529    6
54802   3651  11543    6
54803   3655  11557    6
54804   3618  11509    6
54805   3629  11527    6
54806   3625  11557    6
54807   3608  11548    6
54808   3602  11535    6
54809   3633  11517    6
54810   3652  11616    6
54811   3656  11638    6
54812   3647  11645    6
54814   3635  11613    6
54815   3621  11614    6
54816   3636  11644    6
54817   3559  11552    6
54818   3617  11626    6
54819   3611  11647    6
54820   3649  11510    6
54821   3659  11707    6
54822   3654  11744    6
54823   3641  11659    6
54824   3638  11757    6
54825   3631  11750    6
54826   3615  11706    6
54827   3610  11706    6
54828   3615  11739    6
54829   3649  11752    6
54830   3650  11800    6
54831   3642  11828    6
54832   3653  11843    6
54833   3657  11804    6
54834   3650  11820    6
54835   3630  11833    6
54836   3611  11809    6
54837   3642  11850    6
54839   3603  11845    6
54841   3652  11924    6
54842   3646  11956    6
54843   3646  11911    6
54844   3625  11911    6
54846   3623  11943    6
54848   3559  11925    6
54849   3616  12000    6
54851   3652  12029    6
54852   3658  12044    6
54853   3610  12025    6
54855   3623  12028    6
54857   3604  12020    6
54861   3654  12129    6
54863   3646  12110    6
54868   3616  12123    6
54871   3652  12226    6
54900   3542  11501    6
54901   3604  11511    6
54902   3554  11507    6
54903   3555  11529    6
54904   3535  11530    6
54905   3536  11555    6
54906   3515  11526    6
54907   3459  11639    6
54908   3517  11505    6
54909   3506  11533    6
54910   3548  11605    6
54911   3556  11627    6
54912   3543  11629    6
54913   3545  11648    6
54914   3525  11606    6
54915   3526  11635    6
54916   3534  11651    6
54917   3506  11618    6
54918   3536  11659    6
54919   3525  11700    6
54920   3539  11716    6
54921   3527  11626    6
54922   3554  11744    6
54923   3543  11755    6
54925   3530  11737    6
54927   3507  11708    6
54929   3515  11757    6
54932   3548  11840    6
54935   3532  11828    6
54936   3535  11850    6
54938   3503  11821    6
54939   3515  11850    6
54940   3545  11912    6
54943   3553  12000    6
54945   3523  11932    6
54952   3553  12051    6
55228   3230   8005    6
55248   3209   8425    6
55279   3122   9001    6
55294   3221   9106    6
55299   3129   9204    6
55437   3017   8115    6
55472   3057   8838    6
55493   3029   9106    6
55569   2905   8738    6
55572   2941   8906    6
55578   2915   8853    6
55585   2926   9010    6
55589   2918   9059    6
55591   2940   9108    6
55593   2951   9144    6
55597   2902   9141    6
55598   2915   9146    6
55655   2811   8558    6
55664   2838   8705    6
55680   2855   8936    6
55681   2858   9024    6
55690   2759   9157    6
55696   2825   9228    6
55773   2744   8905    6
56004   3413   9226    6
56016   3351   9536    6
56018   3254   9518    6
56021   3408   9547    6
56029   3301   9701    6
56033   3455   9813    6
56034   3348   9708    6
56038   3259   9806    6
56041   3416   9912    6
56043   3428  10015    6
56045   3358   9954    6
56046   3345   9939    6
56065   3444  10136    6
56067   3326  10129    6
56071   3435  10230    6
56074   3400  10205    6
56079   3335  10258    6
56080   3500  10254    6
56081   3442  10321    6
56082   3435  10330    6
56084   3404  10313    6
56091   3451  10427    6
56092   3500  10439    6
56093   3426  10401    6
56094   3447  10422    6
56095   3402  10423    6
56096   3324  10455    6
56097   3316  10414    6
56106   3153   9347    6
56109   3129   9347    6
56116   3125   9536    6
56125   3212   9629    6
56128   3113   9636    6
56137   3109   9710    6
56144   3144   9834    6
56146   3137  10000    6
56147   3113   9850    6
56151   3256  10045    6
56152   3217  10020    6
56158   3124  10040    6
56164   3216  10059    6
56167   3059  10107    6
56168   3129  10204    6
56171   3254  10142    6
56172   3154  10214    6
56173   3248  10233    6
56178   3100  10221    6
56180   3141  10351    6
56181   3038  10340    6
56182   3239  10334    6
56183   3128  10335    6
56184   3126  10310    6
56185   3205  10259    6
56186   3120  10410    6
56187   3042  10350    6
56188   3059  10340    6
56189   3059  10356    6
56190   3139  10425    6
56192   3257  10440    6
56193   3225  10431    6
56194   3150  10428    6
56195   3147  10444    6
56196   3128  10441    6
56197   3108  10411    6
56198   3109  10423    6
56199   3102  10441    6
56202   3040   9317    6
56223   3045   9550    6
56227   2952   9546    6
56228   3003   9655    6
56247   3000   9906    6
56251   3056  10019    6
56257   3000  10016    6
56263   3053  10153    6
56267   3002  10101    6
56272   3049  10353    6
56273   3023  10249    6
56276   3026  10348    6
56278   3004  10246    6
56279   3009  10256    6
56280   3005  10307    6
56281   3012  10331    6
56284   3025  10329    6
56285   3036  10331    6
56286   3033  10415    6
56287   2959  10300    6
56288   3035  10355    6
56289   3612  10352    6
56290   3050  10409    6
56291   3058  10417    6
56294   3040  10401    6
56295   3023  10433    6
56296   3051  10426    6
56297   3001  10409    6
56298   3007  10439    6
56307   2909   9235    6
56312   2934   9428    6
56317   2913   9413    6
56331   2940   9750    6
56342   2941   9836    6
56357   2903  10018    6
56371   2955  10214    6
56373   2947  10251    6
56374   3003  10158    6
56376   2921  10241    6
56378   2914  10221    6
56380   2955  10322    6
56381   3001  10331    6
56382   2944  10336    6
56383   2950  10350    6
56384   2936  10329    6
56385   2931  10320    6
56386   2934  10345    6
56387   2914  10316    6
56389   2915  10357    6
56390   2940  10404    6
56391   3003  10349    6
56393   2946  10451    6
56394   2927  10426    6
56395   2931  10440    6
56396   2921  10446    6
56434   2839   9728    6
56441   2843   9917    6
56443   2856   9948    6
56444   2827   9853    6
56459   2756  10116    6
56462   2900  10130    6
56473   2857  10246    6
56474   2833  10210    6
56475   2839  10231    6
56478   2818  10226    6
56479   2800  10251    6
56480   2850  10333    6
56483   2836  10357    6
56485   2817  10334    6
56487   2820  10308    6
56489   2814  10338    6
56490   2857  10354    6
56491   2842  10433    6
56492   2848  10436    6
56493   2851  10458    6
56494   2839  10409    6
56495   2842  10433    6
56496   2819  10514    6
56497   2804  10415    6
56498   2810  10431    6
56499   2823  10447    6
56533   2745   9840    6
56543   2750   9942    6
56548   2710   9917    6
56565   2726  10131    6
56567   2718  10051    6
56569   2725  10211    6
56571   2754  10216    6
56575   2722  10233    6
56578   2704  10245    6
56580   2743  10248    6
56582   2746  10353    6
56584   2742  10315    6
56585   2711  10322    6
56586   2721  10343    6
56592   2826  10431    6
56593   2835  10455    6
56594   2738  10403    6
56595   2726  10452    6
56596   2751  10503    6
56598   2708  10444    6
56641   2654   9852    6
56643   2652   9851    6
56645   2625   9925    6
56646   2632   9955    6
56649   2607   9958    6
56651   2652  10013    6
56652   2641  10045    6
56654   2635  10011    6
56664   2638  10116    6
56665   2655  10132    6
56666   2635  10143    6
56669   2603  10141    6
56670   2654  10207    6
56671   2639  10215    6
56673   2655  10255    6
56674   2630  10144    6
56675   2639  10235    6
56684   2625  10317    6
56688   2606  10310    6
56691   2652  10417    6
56693   2635  10452    6
56697   2613  10405    6
56739   2501   9830    6
56741   2559   9849    6
56742   2554   9922    6
56745   2541   9957    6
56746   2528   9931    6
56748   2507   9910    6
56751   2542  10011    6
56752   2550  10034    6
56755   2521  10029    6
56756   2529  10035    6
56757   2516  10017    6
56761   2543  10119    6
56763   2544  10152    6
56764   2532  10126    6
56766   2520  10131    6
56767   2511  10117    6
56768   2501  10132    6
56772   2514  10230    6
56774   2532  10225    6
56775   2535  10226    6
56777   2509  10204    6
56778   2501  10241    6
56779   2507  10243    6
56781   2533  10316    6
56782   2525  10333    6
56783   2530  10348    6
56785   2520  10302    6
56786   2535  10350    6
56788   2502  10340    6
56790   2540  10415    6
56792   2547  10458    6
56793   2547  10437    6
56835   2422   9757    6
56836   2442   9757    6
56837   2405   9805    6
56838   2401   9751    6
56839   2404   9858    6
56840   2448   9818    6
56841   2436   9841    6
56842   2444   9911    6
56843   2450   9937    6
56844   2426   9835    6
56845   2458   9853    6
56846   2436   9954    6
56849   2409   9914    6
56851   2503  10032    6
56854   2427  10008    6
56856   2428  10052    6
56862   2441  10136    6
56863   2456  10229    6
56867   2353  10053    6
56869   2404  10158    6
56870   2440  10210    6
56871   2441  10237    6
56872   2457  10237    6
56873   2440  10254    6
56875   2421  10233    6
56876   2414  10246    6
56878   2407  10245    6
56879   2412  10255    6
56880   2455  10310    6
56881   2444  10316    6
56882   2453  10248    6
56883   2450  10359    6
56885   2424  10327    6
56886   2432  10346    6
56889   2403  10411    6
56891   2451  10419    6
56898   2411  10224    6
56944   2309   9916    6
56946   2333   9924    6
56948   2244   9927    6
56949   2220   9937    6
56950   2328   9948    6
56951   2357  10013    6
56952   2330  10042    6
56954   2234   9956    6
56956   2135  10040    6
56957   2200  10047    6
56958   2155  10025    6
56959   2200  10048    6
56961   2302  10117    6
56962   2326  10143    6
56964   2240  10124    6
56966   2326  10159    6
56969   2129  10134    6
56970   2342  10229    6
56973   2337  10250    6
56975   2322  10226    6
56976   2310  10245    6
56977   2235  10151    6
56978   2300  10224    6
56982   2342  10315    6
56984   2323  10309    6
56985   2323  10323    6
56986   2259  10341    6
56987   2247  10314    6
56989   2230  10357    6
56991   2337  10420    6
56992   2327  10441    6
56994   2323  10415    6
56995   2302  10425    6
56996   2308  10442    6
57001   3445  10520    6
57002   3452  10540    6
57003   3454  10650    6
57004   3444  10453    6
57006   3435  10545    6
57007   3411  10511    6
57008   3402  10518    6
57011   3445  10609    6
57012   3459  10612    6
57014   3433  10553    6
57016   3421  10708    6
57020   3422  10724    6
57021   3439  10708    6
57022   3441  10747    6
57023   3502  10806    6
57024   3427  10739    6
57025   3431  10723    6
57026   3424  10754    6
57027   3416  10744    6
57028   3402  10719    6
57029   3430  10829    6
57030   3442  10809    6
57031   3449  10833    6
57032   3406  10812    6
57033   3433  10849    6
57034   3415  10813    6
57035   3433  10814    6
57036   3418  10856    6
57037   3456  10859    6
57038   3417  10817    6
57039   3409  10855    6
57040   3431  10905    6
57041   3436  10847    6
57042   3447  10911    6
57043   3452  10956    6
57044   3424  10914    6
57045   3431  10929    6
57046   3429  11005    6
57047   3410  10919    6
57048   3424  10843    6
57049   3431  10944    6
57051   3448  11112    6
57052   3453  11027    6
57053   3442  11043    6
57054   3433  11034    6
57055   3433  11005    6
57056   3432  11051    6
57057   3406  11089    6
57060   3510  11114    6
57061   3451  11112    6
57063   3446  11146    6
57065   3430  11211    6
57066   3423  11140    6
57067   3403  11102    6
57070   3443  11209    6
57071   3450  11226    6
57072   3455  11247    6
57073   3438  11228    6
57074   3425  11225    6
57075   3411  11250    6
57076   3443  11249    6
57077   3347  11136    6
57078   3409  11228    6
57079   3457  11306    6
57080   3444  11258    6
57081   3448  11326    6
57082   3427  11302    6
57083   3443  11339    6
57085   3431  11322    6
57086   3424  11344    6
57087   3412  11348    6
57088   3409  11330    6
57089   3401  11351    6
57090   3443  11401    6
57091   3446  11423    6
57093   3451  11449    6
57094   3424  11412    6
57095   3405  11412    6
57096   3432  11447    6
57097   3449  11340    6
57098   3405  11424    6
57099   3404  11451    6
57102   3345  10543    6
57105   3320  10536    6
57106   3319  10609    6
57110   3347  10605    6
57111   3355  10618    6
57113   3357  10636    6
57119   3310  10642    6
57124   3338  10656    6
57126   3313  10733    6
57127   3304  10702    6
57128   3310  10720    6
57129   3259  10743    6
57132   3407  10837    6
57134   3332  10759    6
57137   3319  10819    6
57140   3340  10907    6
57143   3352  10958    6
57144   3326  10909    6
57153   3342  11018    6
57154   3332  11054    6
57155   3333  10952    6
57156   3318  11130    6
57162   3409  11205    6
57169   3303  11152    6
57171   3343  11317    6
57173   3345  11253    6
57175   3303  11214    6
57176   3329  11226    6
57177   3320  11332    6
57178   3302  11235    6
57179   3317  11300    6
57180   3359  11312    6
57181   3353  11303    6
57182   3351  11330    6
57183   3348  11355    6
57184   3336  11339    6
57185   3327  11335    6
57186   3335  11400    6
57187   3304  11256    6
57188   3323  11400    6
57189   3309  11400    6
57190   3345  11424    6
57191   3429  11429    6
57192   3344  11451    6
57193   3347  11431    6
57194   3317  11416    6
57195   3337  11437    6
57196   3327  11453    6
57197   3300  11420    6
57198   3333  11437    6
57204   3235  10514    6
57206   3236  10551    6
57208   3201  10528    6
57211   3250  10615    6
57213   3300  10656    6
57216   3221  10650    6
57217   3214  10617    6
57231   3232  10832    6
57232   3303  10816    6
57233   3254  10830    6
57237   3204  10802    6
57238   3230  10752    6
57242   3251  10922    6
57245   3243  10902    6
57247   3219  10854    6
57248   3224  10920    6
57249   3219  10941    6
57251   3300  11025    6
57253   3251  11049    6
57254   3249  11007    6
57256   3239  11047    6
57257   3214  11014    6
57259   3202  11046    6
57260   3234  11131    6
57261   3308  11130    6
57265   3223  11140    6
57268   3216  11138    6
57271   3233  11223    6
57273   3241  11251    6
57274   3242  11205    6
57277   3218  11215    6
57278   3202  11210    6
57279   3209  11245    6
57281   3242  11318    6
57285   3223  11325    6
57289   3207  11405    6
57290   3300  11401    6
57292   3257  11438    6
57293   3244  11459    6
57294   3248  11402    6
57295   3237  11421    6
57296   3221  11444    6
57297   3208  11403    6
57298   3213  11433    6
57299   3201  11454    6
57303   3144  10555    6
57304   3139  10509    6
57306   3135  10558    6
57307   3106  10505    6
57308   3113  10523    6
57309   3059  10553    6
57313   3151  10646    6
57314   3121  10603    6
57315   3132  10624    6
57317   3102  10625    6
57318   3104  10633    6
57320   3156  10714    6
57324   3134  10706    6
57326   3122  10743    6
57328   3112  10730    6
57329   3105  10751    6
57333   3157  10840    6
57338   3112  10826    6
57339   3058  10854    6
57343   3154  10932    6
57345   3124  10937    6
57348   3103  10930    6
57349   3104  10952    6
57355   3104  11024    6
57358   3100  11041    6
57359   3114  11046    6
57361   3153  11116    6
57362   3145  11040    6
57363   3146  11150    6
57368   3104  11138    6
57370   3143  11214    6
57377   3103  11212    6
57378   3110  11234    6
57381   3143  11323    6
57385   3137  11839    6
57387   3101  11307    6
57388   3116  11342    6
57389   3102  11345    6
57390   3148  11404    6
57395   3134  11407    6
57396   3138  11451    6
57398   3117  11437    6
57399   3111  11501    6
57401   3052  10523    6
57402   3046  10542    6
57405   3030  10535    6
57407   3017  10502    6
57408   3007  10521    6
57409   3011  10550    6
57411   3047  10606    6
57413   3051  10658    6
57414   3033  10627    6
57415   3028  10637    6
57416   3020  10656    6
57417   3021  10617    6
57420   3045  10712    6
57425   3020  10721    6
57426   3041  10748    6
57431   3050  10821    6
57432   3046  10824    6
57437   3018  10802    6
57438   3000  10807    6
57439   3017  10856    6
57445   3036  10943    6
57447   3017  10928    6
57451   3047  11014    6
57453   3046  11119    6
57458   3012  11039    6
57460   3049  11147    6
57461   3042  11118    6
57462   3052  11105    6
57464   3028  11111    6
57465   3023  11127    6
57466   3026  11145    6
57469   3011  11146    6
57474   3021  11209    6
57475   3025  11253    6
57476   3020  11211    6
57477   3004  11213    6
57481   3057  11334    6
57482   3054  11357    6
57483   3040  11310    6
57485   3022  11326    6
57486   3039  11351    6
57489   3035  11400    6
57491   3052  11424    6
57492   3051  11448    6
57493   3021  11419    6
57494   3037  11408    6
57496   3024  11453    6
57498   3027  11453    6
57499   3006  11458    6
57502   2942  10542    6
57503   2937  10507    6
57504   2935  10503    6
57505   2925  10536    6
57506   2922  10553    6
57507   2920  10518    6
57508   2859  10527    6
57509   2857  10656    6
57510   2951  10603    6
57511   2951  10627    6
57512   2958  10617    6
57513   2943  10638    6
57514   2935  10614    6
57516   2935  10628    6
57517   2917  10617    6
57518   2923  10631    6
57519   2909  10705    6
57520   2950  10704    6
57522   2945  10725    6
57523   2952  10741    6
57525   2919  10745    6
57536   2932  10847    6
57537   2918  10810    6
57540   2941  10909    6
57541   3000  10929    6
57543   2954  11002    6
57544   2928  10927    6
57545   2931  10925    6
57554   2924  11010    6
57558   2908  11028    6
57562   2935  11122    6
57564   2926  11108    6
57565   2939  11145    6
57566   2927  11139    6
57571   2942  11223    6
57573   2950  11254    6
57574   2922  11224    6
57575   2931  11234    6
57577   2924  11210    6
57581   2949  11327    6
57582   2943  11353    6
57583   2959  11355    6
57584   2923  11305    6
57585   2929  11327    6
57586   2932  11402    6
57589   2915  11348    6
57590   2950  11420    6
57595   2936  11430    6
57598   2902  11435    6
57600   2844  10504    6
57602   2853  10526    6
57603   2849  10550    6
57604   2848  10517    6
57605   2802  10549    6
57606   2808  10650    6
57608   2810  10526    6
57609   2835  10542    6
57612   2901  10639    6
57614   2820  10613    6
57622   2857  10709    6
57623   2853  10736    6
57625   2833  10727    6
57633   2850  10846    6
57634   2831  10753    6
57635   2827  10859    6
57636   2834  10830    6
57637   2815  10807    6
57640   2835  10927    6
57642   2842  10938    6
57643   2900  10950    6
57646   2837  10957    6
57647   2809  10911    6
57649   2819  10944    6
57655   2828  11024    6
57657   2817  11009    6
57658   2801  11012    6
57661   2855  11129    6
57662   2903  11141    6
57663   2855  11157    6
57666   2831  11208    6
57669   2823  11113    6
57671   2851  11222    6
57673   2841  11253    6
57674   2834  11223    6
57678   2815  11233    6
57679   2812  11305    6
57680   2848  11304    6
57682   2843  11335    6
57687   2813  11255    6
57688   2809  11338    6
57694   2832  11423    6
57696   2824  11447    6
57698   2807  11427    6
57699   2814  11455    6
57707   2718  10517    6
57708   2709  10536    6
57710   2749  10625    6
57713   2742  10653    6
57714   2728  10614    6
57717   2732  10649    6
57718   2706  10644    6
57719   2704  10658    6
57720   2757  10710    6
57722   2746  10728    6
57723   2759  10743    6
57728   2704  10728    6
57729   2714  10753    6
57730   2745  10811    6
57731   2757  10815    6
57732   2801  10824    6
57734   2734  10814    6
57735   2714  10843    6
57736   2742  10851    6
57737   2702  10808    6
57738   2703  10825    6
57739   2714  10853    6
57740   2757  10936    6
57741   2743  10911    6
57742   2731  10912    6
57743   2753  10948    6
57744   2722  10910    6
57745   2727  10941    6
57746   2733  10958    6
57749   2734  11000    6
57752   2755  11036    6
57754   2721  11009    6
57758   2704  11135    6
57760   2942  11126    6
57761   2745  11118    6
57762   2742  11141    6
57763   2744  11200    6
57766   2714  11128    6
57767   2707  11102    6
57768   2719  11127    6
57769   2714  11144    6
57771   2756  11232    6
57772   2745  11230    6
57773   2752  11249    6
57774   2727  11210    6
57776   2718  11242    6
57777   2714  11252    6
57778   2706  11257    6
57779   2700  11321    6
57780   2752  11310    6
57781   2739  11330    6
57782   2743  11309    6
57786   2739  11351    6
57789   2708  11357    6
57792   2749  11441    6
57793   2748  11423    6
57796   2748  11456    6
57797   2703  11455    6
57798   2724  11436    6
57799   2707  11458    6
57800   2646  10522    6
57803   2702  10601    6
57805   2641  10546    6
57806   2615  10555    6
57807   2614  10527    6
57808   2619  10545    6
57809   2603  10546    6
57811   2651  10636    6
57813   2634  10628    6
57814   2625  10616    6
57816   2635  10643    6
57818   2602  10627    6
57821   2624  10730    6
57822   2654  10754    6
57823   2700  10747    6
57824   2635  10714    6
57825   2636  10759    6
57826   2639  10747    6
57827   2616  10731    6
57828   2630  10735    6
57829   2612  10748    6
57832   2658  10840    6
57834   2641  10818    6
57835   2629  10838    6
57837   2624  10804    6
57839   2614  10909    6
57840   2654  10912    6
57841   2634  10940    6
57842   2653  10941    6
57844   2641  10911    6
57845   2610  10947    6
57846   2635  11009    6
57851   2627  11051    6
57853   2644  11038    6
57857   2622  11091    6
57859   2602  11038    6
57860   2700  11116    6
57865   2625  11134    6
57866   2614  11137    6
57867   2624  11117    6
57868   2636  11152    6
57870   2648  11206    6
57871   2659  11222    6
57872   2654  11236    6
57874   2625  11224    6
57875   2653  11230    6
57876   2624  11251    6
57881   2643  11315    6
57882   2647  11333    6
57883   2643  11358    6
57886   2630  11347    6
57887   2608  11307    6
57889   2605  11357    6
57891   2656  11415    6
57894   2635  11410    6
57895   2628  11440    6
57896   2620  11430    6
57899   2648  11455    6
57900   2550  10513    6
57902   2526  10511    6
57903   2556  10536    6
57905   2524  10538    6
57906   2511  10605    6
57907   2505  10454    6
57908   2507  10529    6
57909   2459  10549    6
57910   2546  10605    6
57911   2641  10637    6
57912   2610  10640    6
57913   2627  10659    6
57914   2625  10640    6
57915   2638  10646    6
57916   2526  10646    6
57921   2550  10719    6
57922   2550  10733    6
57923   2559  10752    6
57926   2525  10753    6
57927   2500  10710    6
57932   2558  10832    6
57936   2535  10854    6
57941   2547  10936    6
57942   2548  11000    6
57947   2513  10924    6
57948   2505  10915    6
57949   2459  11000    6
57954   2514  11011    6
57955   2537  11040    6
57956   2525  11019    6
57957   2519  11018    6
57958   2505  11019    6
57960   2556  11104    6
57962   2558  11139    6
57964   2530  11109    6
57965   2532  11136    6
57966   2536  11157    6
57969   2516  11120    6
57971   2555  11212    6
57972   2548  11302    6
57973   2545  11243    6
57974   2535  11222    6
57975   2523  11212    6
57976   2525  11257    6
57978   2517  11233    6
57980   2556  11311    6
57981   2558  11324    6
57985   2534  11341    6
57988   2509  11321    6
57989   2506  11344    6
57990   2542  11418    6
57991   2548  11433    6
57992   2540  11445    6
57993   2551  11457    6
57994   2524  11421    6
57995   2524  11456    6
57996   2508  11419    6
58001   3426  11506    6
58002   3449  11533    6
58003   3457  11553    6
58004   3439  11509    6
58005   3427  11540    6
58006   3423  11553    6
58007   3404  11518    6
58008   3428  11520    6
58009   3423  11535    6
58010   3415  11608    6
58011   3448  11604    6
58012   3441  11635    6
58013   3443  11655    6
58015   3425  11620    6
58016   3411  11658    6
58020   3451  11708    6
58021   3447  11715    6
58022   3446  11748    6
58024   3452  11735    6
58025   3434  11744    6
58026   3418  11751    6
58027   3417  11709    6
58028   3417  11709    6
58030   3454  11806    6
58032   3456  11839    6
58034   3437  11822    6
58035   3421  11821    6
58036   3431  11844    6
58038   3406  11845    6
58040   3450  11907    6
58041   3447  11926    6
58044   3435  11910    6
58045   3413  11936    6
58046   3429  11947    6
58047   3418  11914    6
58048   3406  11921    6
58049   3402  11949    6
58100   3338  11511    6
58101   3353  11529    6
58102   3352  11546    6
58104   3324  11504    6
58107   3304  11523    6
58108   3316  11521    6
58109   3310  11543    6
58111   3356  11623    6
58113   3356  11647    6
58114   3330  11612    6
58116   3359  11649    6
58117   3309  11612    6
58118   3317  11632    6
58122   3338  11659    6
58125   3333  11733    6
58126   3328  11752    6
58127   3258  11712    6
58128   3318  11719    6
58129   3308  11753    6
58130   3353  11755    6
58131   3357  11814    6
58132   3342  11843    6
58135   3327  11813    6
58138   3259  11831    6
58139   3318  11851    6
58140   3347  11916    6
58141   3340  11902    6
58143   3348  11948    6
58144   3336  11902    6
58145   3332  11910    6
58146   3329  11949    6
58147   3302  11902    6
58148   3314  11918    6
58150   3346  12015    6
58151   3323  12008    6
58154   3323  12009    6
58158   3312  12029    6
58202   3238  11535    6
58203   3255  11549    6
58205   3227  11525    6
58207   3209  11502    6
58208   3210  11540    6
58210   3234  11613    6
58212   3243  11642    6
58214   3220  11617    6
58215   3233  11647    6
58220   3228  11709    6
58221   3257  11723    6
58222   3252  11733    6
58223   3247  11759    6
58224   3239  11701    6
58225   3232  11740    6
58230   3206  11816    6
58234   3227  11825    6
58235   3221  11850    6
58236   3218  11818    6
58237   3203  11837    6
58238   3200  11848    6
58239   3223  11924    6
58240   3241  11901    6
58241   3248  11927    6
58242   3217  11910    6
58243   3256  11950    6
58244   3227  11934    6
58245   3225  11925    6
58246   3230  11956    6
58247   3215  11949    6
58248   3215  11928    6
58249   3212  12000    6
58250   3231  12009    6
58251   3252  12019    6
58252   3211  11928    6
58254   3232  12027    6
58255   3223  12034    6
58257   3200  12016    6
58259   3201  12051    6
58264   3220  12111    6
58265   3204  12136    6
58266   3208  12137    6
58268   3206  12105    6
58269   3148  12140    6
58301   3148  11523    6
58305   3131  11537    6
58306   3141  11553    6
58311   3145  11630    6
58314   3124  11619    6
58316   3128  11657    6
58317   3052  11622    6
58319   3104  11657    6
58320   3144  11708    6
58321   3152  11714    6
58323   3153  11728    6
58326   3157  11752    6
58327   3115  11717    6
58329   3119  11754    6
58330   3143  11807    6
58331   3144  11822    6
58333   3157  11851    6
58334   3120  11823    6
58335   3134  11830    6
58336   3142  11831    6
58337   3105  11811    6
58338   3109  11835    6
58339   3119  11853    6
58340   3140  11902    6
58341   3159  11935    6
58342   3145  11933    6
58343   3146  11956    6
58344   3157  11910    6
58345   3126  11929    6
58346   3122  11949    6
58349   3116  12038    6
58351   3153  12016    6
58352   3139  12044    6
58353   3152  12033    6
58354   3135  12019    6
58356   3125  12057    6
58357   3119  12038    6
58358   3104  12026    6
58359   3109  12038    6
58360   3154  12112    6
58361   3107  12123    6
58362   3124  12129    6
58364   3112  12142    6
58365   3123  12115    6
58366   3137  12127    6
58367   3110  12126    6
58369   3103  12146    6
58374   3130  12148    6
58376   3107  12212    6
58377   3128  12106    6
58401   3047  11524    6
58402   3044  11540    6
58404   3027  11515    6
58407   3015  11503    6
58408   3014  11526    6
58409   3004  11556    6
58414   3026  11617    6
58415   3038  11635    6
58416   3025  11639    6
58417   3010  11608    6
58418   3008  11642    6
58419   3006  11701    6
58420   3043  11713    6
58421   3038  11752    6
58423   3029  11747    6
58424   3032  11703    6
58426   3018  11808    6
58427   3040  11729    6
58428   3017  11729    6
58429   3058  11747    6
58431   3051  11819    6
58432   3041  11824    6
58433   3056  11845    6
58435   3018  11832    6
58436   3037  11859    6
58437   3008  11809    6
58438   3005  11835    6
58441   3053  11925    6
58442   3108  11911    6
58443   3059  11953    6
58445   3021  11925    6
58446   3038  11941    6
58447   3010  11913    6
58448   3014  11942    6
58449   3003  11957    6
58450   3051  12005    6
58451   3051  12054    6
58452   3047  12044    6
58453   3000  12038    6
58454   3032  12004    6
58455   3031  12041    6
58456   3038  12032    6
58457   3014  12010    6
58458   3031  12056    6
58459   3012  12019    6
58460   3054  12110    6
58461   3109  12107    6
58462   3100  12115    6
58463   3056  12127    6
58464   3037  12105    6
58467   3012  12116    6
58468   3004  12109    6
58472   3044  12227    6
58473   3044  12249    6
58477   3002  12206    6
58484   3015  12211    6
58500   2951  11512    6
58501   2951  11533    6
58502   2944  11600    6
58503   2941  11540    6
58506   2935  11559    6
58507   2917  11506    6
58508   2920  11546    6
58509   2903  11549    6
58510   2944  11614    6
58512   2954  11633    6
58514   2927  11603    6
58517   2916  11612    6
58518   2905  11622    6
58519   2900  11641    6
58520   2951  11743    6
58523   2956  11756    6
58527   2918  11712    6
58529   2916  11751    6
58530   2952  11826    6
58531   2943  11817    6
58534   2947  11811    6
58537   2928  11824    6
58542   2949  11941    6
58543   2937  11901    6
58544   2929  11916    6
58546   2928  11953    6
58547   2902  11911    6
58548   2913  11928    6
58549   2907  11939    6
58550   2942  12015    6
58553   3002  12053    6
58555   2931  12053    6
58556   2936  12049    6
58557   2919  12004    6
58558   2916  12013    6
58559   2910  12059    6
58562   2952  12134    6
58563   2958  12145    6
58565   2940  12125    6
58566   2928  12152    6
58567   2918  12126    6
58568   2907  12122    6
58569   2912  12157    6
58570   2957  12218    6
58590   3953  12409    6
58600   2852  11522    6
58601   2842  11523    6
58602   2851  11533    6
58605   2825  11523    6
58606   2836  11555    6
58607   2833  11557    6
58608   2804  11533    6
58609   2813  11549    6
58611   2853  11625    6
58612   2842  11641    6
58614   2823  11616    6
58615   2841  11705    6
58616   2812  11649    6
58617   2800  11622    6
58618   2814  11636    6
58620   2858  11708    6
58622   2857  11735    6
58623   2828  11755    6
58624   2824  11726    6
58625   2825  11736    6
58626   2818  11713    6
58627   2815  11702    6
58629   2819  11742    6
58631   2854  11830    6
58632   2845  11838    6
58633   2858  11852    6
58634   2841  11815    6
58635   2826  11812    6
58637   2827  11759    6
58642   2853  11948    6
58643   2854  12002    6
58644   2836  11917    6
58646   2827  11955    6
58647   2805  11908    6
58652   2851  12043    6
58653   2849  12055    6
58654   2840  12005    6
58656   2807  12058    6
58657   2809  12017    6
58658   2809  12041    6
58659   2800  12040    6
58660   2851  12108    6
58664   2822  12122    6
58665   2837  12125    6
58666   2827  12154    6
58667   2805  12116    6
58693   2842  11550    6
58701   2746  11524    6
58704   2734  11510    6
58705   2720  11525    6
58706   2726  11550    6
58707   2713  11508    6
58710   2746  11603    6
58712   2718  11656    6
58712   2755  11647    6
58713   2743  11704    6
58714   2733  11613    6
58715   2735  11639    6
58718   2713  11632    6
58724   2731  11718    6
58725   2720  11728    6
58730   2746  11802    6
58731   2755  11832    6
58734   2720  11807    6
58735   2731  11848    6
58736   2722  11849    6
58737   2703  11819    6
58742   2807  11933    6
58744   2732  11925    6
58745   2737  11904    6
58746   2734  11942    6
58747   2709  11921    6
58748   2706  11939    6
58749   2715  11954    6
58750   2747  12005    6
58751   2741  12034    6
58752   2747  12037    6
58754   2720  12012    6
58760   2750  12109    6
58804   2621  11521    6
58806   2629  11601    6
58813   2651  11620    6
58814   2621  11621    6
58818   2614  11638    6
58819   2612  11651    6
58820   2654  11710    6
58821   2644  11720    6
58822   2650  11651    6
58823   2648  11748    6
58824   2624  11709    6
58826   2624  11748    6
58828   2616  11737    6
58834   2639  11810    6
58836   2635  11844    6
58837   2610  11809    6
58839   2614  11851    6
58843   2653  12000    6
58844   2609  11909    6
58845   2630  11932    6
58846   2640  11931    6
58847   2605  11917    6
58848   2612  11932    6
58849   2610  11956    6
58900   2552  11500    6
58903   2552  11602    6
58905   2558  11525    6
58906   2536  11548    6
58907   2509  11524    6
58911   2551  11622    6
58912   2541  11645    6
58917   2509  11604    6
58918   2503  11625    6
58921   2558  11721    6
58923   2542  11750    6
58926   2518  11724    6
58927   2506  11702    6
58928   2501  11732    6
58929   2504  11809    6
58931   2543  11806    6
58932   2552  11856    6
58933   2655  11859    6
58934   2520  11816    6
58935   2529  11814    6
58936   2522  11842    6
58938   2514  11859    6
58940   2605  11920    6
58941   2558  11930    6
58942   2543  11923    6
58944   2531  11947    6
58945   2527  11951    6
58946   2526  11900    6
58965   2503  12113    6
58968   2502  12131    6
58969   2504  12132    6
58974   2538  12204    6
59001   2447  10520    6
59004   2430  10506    6
59007   2404  10504    6
59012   2447  10634    6
59015   2421  10634    6
59017   2417  10614    6
59021   2433  10702    6
59022   2459  10733    6
59023   2442  10803    6
59025   2431  10722    6
59027   2418  10715    6
59031   2450  10815    6
59033   2445  10854    6
59034   2429  10840    6
59037   2356  10806    6
59038   2404  10839    6
59041   2439  10915    6
59044   2428  10923    6
59045   2429  10945    6
59046   2421  10924    6
59047   2415  10920    6
59051   2446  11030    6
59052   2450  11049    6
59053   2437  11040    6
59055   2430  11024    6
59057   2408  11011    6
59058   2412  11031    6
59059   2411  11048    6
59061   2449  11116    6
59063   2511  11127    6
59064   2433  11119    6
59065   2425  11131    6
59071   2443  11217    6
59072   2447  11223    6
59074   2434  11209    6
59075   2429  11238    6
59081   2447  11316    6
59082   2441  11336    6
59087   2352  11332    6
59088   2411  11325    6
59090   2457  11404    6
59091   2445  11432    6
59092   2455  11449    6
59093   2447  11502    6
59094   2422  11404    6
59096   2422  11429    6
59097   2403  11412    6
59099   2427  11456    6
59102   2457  11539    6
59106   2435  11554    6
59107   2406  11515    6
59109   2409  11544    6
59113   2443  11643    6
59114   2439  11610    6
59116   2420  11642    6
59117   2416  11606    6
59122   2437  11745    6
59124   2431  11722    6
59125   2422  11719    6
59126   2430  11739    6
59127   2427  11749    6
59129   2408  11736    6
59130   2443  11808    6
59131   2458  11822    6
59133   2454  11855    6
59134   2429  11804    6
59135   2425  11820    6
59137   2449  11834    6
59152   2448  12058    6
59153   2450  12056    6
59155   2415  12037    6
59158   2409  12041    6
59162   2446  12145    6
59205   2339  10538    6
59209   2325  10550    6
59211   2354  10636    6
59213   2344  10655    6
59215   2320  10637    6
59218   2308  10625    6
59224   2336  10707    6
59227   2305  10709    6
59228   2319  10735    6
59229   2311  10742    6
59230   2343  10810    6
59235   2325  10837    6
59237   2310  10817    6
59238   2313  10848    6
59241   2358  10941    6
59242   2345  10914    6
59246   2336  10940    6
59249   2307  10937    6
59252   2339  11042    6
59254   2324  11005    6
59255   2333  11023    6
59256   2322  11055    6
59262   2358  11144    6
59264   2327  11130    6
59265   2329  11118    6
59266   2325  11114    6
59268   2315  11132    6
59269   2309  11146    6
59270   2355  11211    6
59271   2338  11226    6
59276   2321  11240    6
59278   2303  11228    6
59279   2310  11253    6
59280   2340  11303    6
59282   2308  11319    6
59284   2323  11313    6
59285   2333  11335    6
59287   2310  11320    6
59288   2301  11306    6
59289   2302  11345    6
59290   2344  11414    6
59293   2344  11441    6
59294   2318  11349    6
59297   2311  11417    6
59298   2305  11425    6
59303   2356  11546    6
59304   2338  11511    6
59306   2326  11550    6
59310   2346  11611    6
59312   2340  11638    6
59313   2341  11659    6
59314   2318  11610    6
59315   2334  11623    6
59316   2324  11641    6
59317   2302  11618    6
59318   2316  11635    6
59319   2328  11646    6
59320   2346  11708    6
59321   2347  11730    6
59322   2359  11722    6
59324   2326  11702    6
59327   2324  11706    6
59328   2317  11715    6
59345   2331  11934    6
59348   2316  11940    6
59353   2331  12048    6
59354   2330  12028    6
59358   2300  12013    6
59359   2329  12057    6
59362   2401  12137    6
59368   2306  12122    6
59399   2911  10459    6
59413   2250  10649    6
59417   2220  10651    6
59419   2206  10645    6
59421   2250  10712    6
59425   2224  10721    6
59426   2238  10754    6
59427   2207  10707    6
59428   2207  10726    6
59429   2209  10758    6
59431   2269  10821    6
59435   2246  10829    6
59441   2242  10915    6
59446   2225  10918    6
59448   2216  10933    6
59449   2216  10959    6
59451   2242  11021    6
59452   2251  11032    6
59453   2239  11010    6
59454   2255  11100    6
59456   2221  11056    6
59457   2219  11016    6
59462   2246  11134    6
59469   2210  11147    6
59470   2243  11213    6
59471   2256  11203    6
59473   2246  11258    6
59475   2222  11241    6
59476   2232  11302    6
59477   2211  11218    6
59478   2215  11247    6
59480   2251  11315    6
59481   2257  11322    6
59485   2232  11321    6
59487   2213  11317    6
59488   2217  11335    6
59492   2256  11442    6
59493   2233  11406    6
59500   2258  11519    6
59501   2247  11522    6
59502   2257  11539    6
59505   2239  11534    6
59553   2228  12026    6
59554   2237  12016    6
59556   2221  12054    6
59559   2200  12045    6
59562   2245  12109    6
59567   2202  12133    6
59605   2123  11015    6
59620   2146  10711    6
59626   2132  10758    6
59631   2147  10821    6
59632   2157  10837    6
59635   2137  10821    6
59640   2140  10911    6
59644   2127  10908    6
59647   2102  10906    6
59653   2156  11051    6
59654   2138  11017    6
59655   2139  11037    6
59656   2126  11046    6
59658   2113  11024    6
59659   2139  11053    6
59663   2152  11158    6
59664   2130  11100    6
59673   2144  11246    6
59681   2149  11357    6
59750   2055  11006    6
59752   2054  11037    6
59754   2020  11010    6
59757   2000  11022    6
59758   2002  11021    6
59792   2040  11643    6
59838   1906  10837    6
59842   1954  10941    6
59843   1944  11000    6
59845   1931  10935    6
59847   1916  10903    6
59848   1914  10926    6
59849   1902  10950    6
59851   1942  11020    6
59853   1934  11049    6
59854   1922  11006    6
59855   1914  11028    6
59856   1937  11045    6
59940   1845  10910    6
59941   1846  10931    6
59945   1839  10942    6
59948   1814  10931    6
59951   1848  11022    6
59954   1830  11002    6
59981   1650  11220    6
59985   1632  11137    6
59995    923  11253    6
59997   1023  11422    6
51747   3900   8340    6
52974   3531  10201    6  
